class ColorTrial, completed: 2020-09-10--22-47-55    Networks Trained for: 0s
   # of Networks : 10
     # of Cycles : 10
Network Structure: [3, 9, 9, 3]
Dead Networks: DISCARDED
Input Legend
[Red, Green, Blue]

Inputs
[1.0, 1.0, 1.0, 1.0, 2.0, 2.0, 2.0, 2.0, 3.0, 3.0, 3.0, 3.0][1.0, 1.0, 1.0, 1.0, 2.0, 2.0, 2.0, 2.0, 3.0, 3.0, 3.0, 3.0][1.0, 1.0, 1.0, 1.0, 2.0, 2.0, 2.0, 2.0, 3.0, 3.0, 3.0, 3.0]

THE TOP 20% 
Network {
 Heredity [10, 0, 0, 0, 0, 0, 0, 0, 0, 0]
  Network Structure [9, 9, 9, 3]  Score: 3.0

 Nodes::
   Node[0][0] --InputNode--
      [BIAS:-0.4153026169597296]
   Node[0][1] --InputNode--
      [BIAS:-0.3443858700644899]
   Node[0][2] --InputNode--
      [BIAS:0.93045468726215]
   Node[0][3] --InputNode--
      [BIAS:0.1136689730180539]
   Node[0][4] --InputNode--
      [BIAS:-0.4378020804646543]
   Node[0][5] --InputNode--
      [BIAS:-0.130441117424685]
   Node[0][6] --InputNode--
      [BIAS:-0.14839422366933158]
   Node[0][7] --InputNode--
      [BIAS:0.028945957207063056]
   Node[0][8] --InputNode--
      [BIAS:-0.7766465746211659]
   Node[1][0] 
      [0.3598063579335244] [0.828171116301313] [-0.7699172359391167] [0.041964228245637336] [0.18690669065618032] [0.8361705787096427] 
      [-0.6295081762738206] [1.0] [-0.9580231887882324] [BIAS:0.5298249936097226]
   Node[1][1] 
      [-0.6043224351315537] [-0.45375104092917623] [0.8] [-1.0] [0.15998553507785873] [0.06713286480574987] 
      [0.22434215782996958] [0.28632692564342777] [-0.7396328692101388] [BIAS:-0.014407390689795463]
   Node[1][2] 
      [0.45808179370988145] [-0.45628478187787364] [-0.14617748559120264] [0.2505818952328128] [-0.18735089740198607] [0.3436085306853877] 
      [-0.4072381349968496] [-0.5153341134702221] [0.027385419685461376] [BIAS:-0.42669120549125045]
   Node[1][3] 
      [0.6426048652979783] [-0.33920255180862496] [-0.22646789214574892] [-0.6986688761144038] [0.6385142516547408] [-0.8272042314232] 
      [-0.3442992578274238] [-0.12888778318449218] [-0.20676069747898485] [BIAS:0.013163876368561811]
   Node[1][4] 
      [-0.3299985317144726] [-0.012268006001386056] [-0.014377689093190704] [0.01758257589935719] [0.5556088430613453] [-0.6000000000000001] 
      [0.3393990732883061] [-0.6563772168290025] [0.5378731255778835] [BIAS:-0.25407924622586997]
   Node[1][5] 
      [0.7445034693724617] [0.12192042823051163] [-0.115087101593364] [-0.9102299852768936] [0.8] [0.15126234883213774] 
      [0.6000000000000001] [1.0] [0.15065154489252447] [BIAS:0.004733226728584505]
   Node[1][6] 
      [-0.09149511375785269] [-0.7446864497218579] [-0.06935670674911615] [-0.8277215472441264] [0.7027934372095228] [-0.7151074791448289] 
      [-0.0023108949765207054] [0.4857392339877129] [0.2957067594983298] [BIAS:-0.6324578261636178]
   Node[1][7] 
      [-0.1755839897028551] [-0.14437925725835793] [-0.7471825831564445] [-0.9305223529754445] [-0.591371908094575] [-1.0] 
      [0.18589706375645065] [0.07021448031333133] [0.5555646764746238] [BIAS:0.910635199861445]
   Node[1][8] 
      [0.6000000000000001] [-0.08880078596550095] [0.8] [-1.0] [-0.04476327116464063] [-0.8] 
      [0.38815133903890214] [-0.40298309902302004] [0.454450098033311] [BIAS:0.49460755030505926]
   Node[2][0] 
      [-0.381277015056854] [-0.04888836721455564] [0.3173054162746162] [0.3795968821557396] [-1.0] [0.12738442335915162] 
      [0.1870456408688163] [-0.6851417169386167] [-0.5566447723051089] [BIAS:0.33655301920418995]
   Node[2][1] 
      [-0.5095378333883005] [1.0] [-0.5249072237698256] [0.8] [-0.14227684207351066] [0.9129101891691149] 
      [0.31781842912238645] [-0.4611916387616159] [-0.935258375791175] [BIAS:0.293170412754156]
   Node[2][2] 
      [0.5729272032814461] [-0.1985295822144908] [-0.722559767237517] [-0.11532690552287406] [0.16513287583114256] [0.14737714044270422] 
      [-0.09890087840890421] [0.4219820053521512] [0.045088211672294765] [BIAS:0.041173460834770526]
   Node[2][3] 
      [-0.07569868447650752] [-0.14058127169371393] [-0.19486097406780784] [0.4649473841184163] [-0.3041829217567445] [-0.056182843287421846] 
      [-0.5555943088826651] [-1.0] [0.5840989545800843] [BIAS:-0.457233417093772]
   Node[2][4] 
      [-0.688036030316004] [-0.04436316358155534] [0.3428845504141195] [-0.648059935466774] [-0.6880244854402453] [0.6634566343564785] 
      [-0.9572649200124359] [-0.78044256880092] [0.37219598980762975] [BIAS:0.5800749028732148]
   Node[2][5] 
      [-0.07283661474623887] [-0.09701514604921474] [-0.6426325119239722] [-0.5240255730510581] [-0.6866650535414431] [0.01192734239366594] 
      [-0.34842053405637274] [-0.5623623490101374] [-0.7188471990686314] [BIAS:-0.005378177876375956]
   Node[2][6] 
      [1.0] [-1.0] [0.5808654271100551] [-0.9121060005770425] [0.8780430904251588] [-0.3638509191000238] 
      [-0.06183497350502132] [-0.22110770453517659] [0.2008170995848605] [BIAS:0.2438095179125912]
   Node[2][7] 
      [0.14707132365155823] [0.515768500514985] [-1.0] [-0.7906399304600391] [-0.18527511889654863] [0.1565251812528382] 
      [0.12810835415888394] [0.7377039057072079] [-0.041458958449652694] [BIAS:-0.04029526802794087]
   Node[2][8] 
      [0.06984582573697778] [-0.5974810675039144] [1.0] [-1.0] [0.27190533081915913] [0.36936713111451275] 
      [-0.19928513629315303] [0.911698853718568] [0.6341277556987652] [BIAS:0.8]
   Node[3][0] --OutputNode--
      [0.770110140938725] [-0.2664991801380417] [0.20814549456743664] [0.1962206505522343] [0.7406481993562397] [-0.3446482255462437] 
      [-0.6000000000000001] [-0.5602839886535931] [-0.0949774888424238] 
   Node[3][1] --OutputNode--
      [0.8] [0.33777532165134144] [-1.0] [-0.34329351258250573] [-0.38344917975249815] [0.2613897186644336] 
      [0.1660204121722723] [-1.0] [-0.28642328405085543] 
   Node[3][2] --OutputNode--
      [-0.04954699235726462] [0.177473247913564] [0.4811385297897958] [-0.06894180180737852] [0.6413836122233132] [-0.37812572001362726] 
      [0.3724026135959511] [0.5410702540867217] [-0.41380288783954094] 
}

Network {
 Heredity [10, 0, 0, 0, 0, 0, 0, 0, 0, 1]
  Network Structure [9, 9, 9, 3]  Score: 3.0

 Nodes::
   Node[0][0] --InputNode--
      [BIAS:-0.4153026169597296]
   Node[0][1] --InputNode--
      [BIAS:-0.3443858700644899]
   Node[0][2] --InputNode--
      [BIAS:0.93045468726215]
   Node[0][3] --InputNode--
      [BIAS:0.3136689730180539]
   Node[0][4] --InputNode--
      [BIAS:-0.4378020804646543]
   Node[0][5] --InputNode--
      [BIAS:0.069558882575315]
   Node[0][6] --InputNode--
      [BIAS:-0.3483942236693316]
   Node[0][7] --InputNode--
      [BIAS:0.028945957207063056]
   Node[0][8] --InputNode--
      [BIAS:-0.7766465746211659]
   Node[1][0] 
      [0.5598063579335244] [0.828171116301313] [-0.7699172359391167] [0.041964228245637336] [0.18690669065618032] [0.8361705787096427] 
      [-0.6295081762738206] [1.0] [-0.7580231887882325] [BIAS:0.5298249936097226]
   Node[1][1] 
      [-0.6043224351315537] [-0.2537510409291762] [0.8] [-1.0] [-0.04001446492214128] [0.06713286480574987] 
      [0.02434215782996957] [0.08632692564342775] [-0.9396328692101388] [BIAS:0.18559260931020455]
   Node[1][2] 
      [0.45808179370988145] [-0.45628478187787364] [-0.14617748559120264] [0.45058189523281283] [-0.18735089740198607] [0.5436085306853877] 
      [-0.4072381349968496] [-0.5153341134702221] [0.027385419685461376] [BIAS:-0.22669120549125044]
   Node[1][3] 
      [0.8426048652979783] [-0.33920255180862496] [-0.026467892145748906] [-0.49866887611440375] [0.6385142516547408] [-0.8272042314232] 
      [-0.3442992578274238] [0.07111221681550783] [-0.006760697478984834] [BIAS:0.21316387636856182]
   Node[1][4] 
      [-0.3299985317144726] [-0.012268006001386056] [-0.014377689093190704] [0.01758257589935719] [0.5556088430613453] [-0.6000000000000001] 
      [0.13939907328830609] [-0.6563772168290025] [0.5378731255778835] [BIAS:-0.25407924622586997]
   Node[1][5] 
      [0.5445034693724617] [-0.2780795717694884] [0.08491289840663602] [-1.0] [1.0] [-0.04873765116786227] 
      [0.6000000000000001] [1.0] [0.15065154489252447] [BIAS:-0.1952667732714155]
   Node[1][6] 
      [0.10850488624214732] [-0.9446864497218579] [-0.26935670674911616] [-0.8277215472441264] [1.0] [-0.9151074791448288] 
      [-0.20231089497652072] [0.4857392339877129] [0.2957067594983298] [BIAS:-0.4324578261636178]
   Node[1][7] 
      [-0.1755839897028551] [-0.14437925725835793] [-0.7471825831564445] [-0.7305223529754445] [-0.39137190809457495] [-1.0] 
      [0.18589706375645065] [0.07021448031333133] [0.5555646764746238] [BIAS:0.7106351998614451]
   Node[1][8] 
      [0.6000000000000001] [-0.08880078596550095] [0.8] [-1.0] [-0.04476327116464063] [-0.8] 
      [0.38815133903890214] [-0.40298309902302004] [0.654450098033311] [BIAS:0.49460755030505926]
   Node[2][0] 
      [-0.181277015056854] [0.15111163278544437] [0.5173054162746162] [0.3795968821557396] [-1.0] [-0.07261557664084839] 
      [-0.012954359131183701] [-0.8851417169386167] [-0.3566447723051089] [BIAS:0.13655301920418994]
   Node[2][1] 
      [-0.7095378333883005] [1.0] [-0.5249072237698256] [0.8] [-0.34227684207351067] [0.9129101891691149] 
      [0.31781842912238645] [-0.6611916387616159] [-0.935258375791175] [BIAS:0.293170412754156]
   Node[2][2] 
      [0.5729272032814461] [0.0014704177855092149] [-0.5225597672375171] [0.08467309447712595] [0.16513287583114256] [0.14737714044270422] 
      [0.1010991215910958] [0.6219820053521512] [-0.15491178832770525] [BIAS:0.041173460834770526]
   Node[2][3] 
      [0.1243013155234925] [-0.34058127169371394] [-0.19486097406780784] [0.4649473841184163] [-0.3041829217567445] [-0.056182843287421846] 
      [-0.5555943088826651] [-1.0] [0.7840989545800843] [BIAS:-0.457233417093772]
   Node[2][4] 
      [-0.688036030316004] [-0.24436316358155535] [0.3428845504141195] [-0.648059935466774] [-0.6880244854402453] [0.6634566343564785] 
      [-0.557264920012436] [-0.58044256880092] [0.37219598980762975] [BIAS:0.5800749028732148]
   Node[2][5] 
      [-0.07283661474623887] [-0.09701514604921474] [-0.6426325119239722] [-0.3240255730510581] [-0.6866650535414431] [0.21192734239366595] 
      [-0.34842053405637274] [-0.16236234901013735] [-0.5188471990686314] [BIAS:-0.005378177876375956]
   Node[2][6] 
      [0.8] [-1.0] [0.5808654271100551] [-0.7121060005770425] [0.6780430904251589] [-0.3638509191000238] 
      [0.1381650264949787] [-0.22110770453517659] [0.2008170995848605] [BIAS:0.4438095179125912]
   Node[2][7] 
      [0.14707132365155823] [0.715768500514985] [-0.8] [-0.9906399304600391] [-0.18527511889654863] [0.3565251812528382] 
      [0.12810835415888394] [0.7377039057072079] [-0.041458958449652694] [BIAS:-0.04029526802794087]
   Node[2][8] 
      [0.06984582573697778] [-0.5974810675039144] [1.0] [-1.0] [0.07190533081915912] [0.36936713111451275] 
      [-0.19928513629315303] [0.911698853718568] [0.8341277556987652] [BIAS:0.6000000000000001]
   Node[3][0] --OutputNode--
      [1.0] [-0.2664991801380417] [0.008145494567436629] [0.1962206505522343] [0.5406481993562398] [-0.3446482255462437] 
      [-0.8] [-0.5602839886535931] [0.3050225111575762] 
   Node[3][1] --OutputNode--
      [0.6000000000000001] [0.33777532165134144] [-0.8] [-0.14329351258250572] [-0.38344917975249815] [0.2613897186644336] 
      [-0.0339795878277277] [-1.0] [0.11357671594914459] 
   Node[3][2] --OutputNode--
      [0.1504530076427354] [-0.022526752086436008] [0.4811385297897958] [-0.06894180180737852] [0.6413836122233132] [-0.5781257200136273] 
      [0.3724026135959511] [0.5410702540867217] [-0.8138028878395409] 
}

