class ColorTrial, completed: 2020-09-10--23-02-16    Networks Trained for: 0s
   # of Networks : 10
     # of Cycles : 10
Network Structure: [3, 9, 9, 3]
Dead Networks: DISCARDED
Input Legend
[Red, Green, Blue]

Inputs
[1.0, 1.0, 1.0, 2.0, 2.0, 2.0, 3.0, 3.0, 3.0][1.0, 1.0, 1.0, 2.0, 2.0, 2.0, 3.0, 3.0, 3.0][1.0, 1.0, 1.0, 2.0, 2.0, 2.0, 3.0, 3.0, 3.0]

THE TOP 20% 
Network {
 Heredity [10, 0, 0, 0, 0, 0, 0, 0, 0, 0]
  Network Structure [9, 9, 9, 3]  Score: 3.0

 Nodes::
   Node[0][0] --InputNode--
      [BIAS:-0.8]
   Node[0][1] --InputNode--
      [BIAS:0.3936526427355839]
   Node[0][2] --InputNode--
      [BIAS:0.019292829491263708]
   Node[0][3] --InputNode--
      [BIAS:1.0]
   Node[0][4] --InputNode--
      [BIAS:0.15073299411306473]
   Node[0][5] --InputNode--
      [BIAS:-0.3246332696725805]
   Node[0][6] --InputNode--
      [BIAS:-0.6002168860770811]
   Node[0][7] --InputNode--
      [BIAS:0.4302053382531001]
   Node[0][8] --InputNode--
      [BIAS:0.8]
   Node[1][0] 
      [-0.7332933266697526] [0.26371006597754787] [0.4709276725217374] [-0.8151533064675305] [0.3709620072529957] [0.060693824770061466] 
      [-0.11391081317097307] [-0.31849116299576957] [-0.6086367424254486] [BIAS:0.4946614540882352]
   Node[1][1] 
      [0.8225485396934924] [0.7577192758261262] [0.2677532169806511] [0.7281599246368453] [-0.3453085340202944] [-0.10798798685394673] 
      [-0.9268214645181612] [-0.7262105100918801] [0.22942591346447566] [BIAS:-0.016496416846244644]
   Node[1][2] 
      [-0.7985803694175608] [-0.06409539468757941] [0.8738250520593172] [0.4962409064451326] [-0.17157062143473223] [1.0] 
      [0.8] [0.5057143846430645] [0.045106307926495726] [BIAS:-0.8]
   Node[1][3] 
      [-0.3300790366332425] [-0.5094334249941574] [0.3357783334358719] [-0.2989705890443986] [0.5025850019657361] [-1.0] 
      [-0.08377166141958231] [-0.7915635916444277] [-0.1463184190844395] [BIAS:0.6420489152234115]
   Node[1][4] 
      [-1.0] [0.13158409050587083] [0.2597964311494711] [-0.24370702023160717] [-0.8] [0.5772494901599203] 
      [0.4119497010650856] [-0.8] [-0.8976018052819557] [BIAS:-0.23589129621285465]
   Node[1][5] 
      [-0.007060166070867735] [-0.2277831756966578] [0.10276531128196109] [1.0] [0.01610574736904763] [-0.22898475051226508] 
      [0.2952744864107983] [-0.29824863147798625] [-1.0] [BIAS:-1.0]
   Node[1][6] 
      [-0.8] [-1.0] [0.46730577447126953] [0.8860557745529494] [0.8] [0.008285157347850791] 
      [0.5360564015845508] [0.12299839932900236] [0.5031750027529831] [BIAS:0.38419317052972607]
   Node[1][7] 
      [0.2988731725500229] [0.16610892076574146] [0.33384853911124107] [0.0671494009473858] [0.14794811852974687] [-0.6389717328599973] 
      [-0.668203076678461] [-0.3764300568753931] [0.05615558755374933] [BIAS:0.545525602810436]
   Node[1][8] 
      [-1.0] [-0.9517699263788175] [0.15440155822652607] [0.061254564274940415] [-0.9604722139049786] [0.09198208661314011] 
      [0.6741608747003598] [0.3900746206598315] [-0.2742207329551758] [BIAS:0.5401919565305253]
   Node[2][0] 
      [-0.043662941199262506] [-0.8596101126179878] [-0.8] [-0.041051650784695914] [-0.7267168912554145] [-0.6922153740929677] 
      [-0.10139694624861739] [-0.49382477831485455] [0.41902504977272426] [BIAS:0.5955637990877689]
   Node[2][1] 
      [-0.7282086038760451] [0.34735775617964054] [-0.006567427206297716] [0.10463439719697065] [-0.19121710028158762] [-0.37933133003171965] 
      [0.8392846709463362] [1.0] [-0.3064917828142451] [BIAS:-0.03613878273725207]
   Node[2][2] 
      [0.8] [-0.8] [0.533526040934308] [0.14537228117466278] [0.3190542452762131] [0.31121316641939645] 
      [-0.9113856498411654] [0.9346579547143081] [0.390136439514938] [BIAS:-1.0]
   Node[2][3] 
      [0.9505170553164881] [-0.6000000000000001] [0.6156465477423143] [0.5162058666448384] [0.26814515711372044] [0.35449050870387994] 
      [-0.40484417302865733] [-0.9944279140110286] [0.3894855425464359] [BIAS:0.19886476024900146]
   Node[2][4] 
      [-0.8] [-1.0] [0.23092234529862454] [-0.44333976316772356] [-1.0] [-0.5452913597640107] 
      [0.6866298125961174] [-0.3280287857212371] [0.8662461212965673] [BIAS:-0.6210232969002845]
   Node[2][5] 
      [0.8551485373741958] [-0.9881246787720965] [0.8] [0.10507387429909998] [1.0] [1.0] 
      [0.6438821123993748] [0.5725282442786872] [0.2483267232160249] [BIAS:0.26374491350441026]
   Node[2][6] 
      [0.6000000000000001] [0.8657440466843147] [0.5416217033904747] [0.11086106363322534] [-0.3520993228527935] [0.9557905458929172] 
      [0.950817395615488] [-0.3912691798675782] [0.48293473671161014] [BIAS:-0.25441008371002394]
   Node[2][7] 
      [0.04026543101068203] [0.16968908443671127] [0.27214994464976366] [0.285361032244441] [-1.0] [-0.2716301332366135] 
      [0.4844913064194502] [-1.0] [-0.8674799554243646] [BIAS:1.0]
   Node[2][8] 
      [-0.3847402977640159] [0.34845421715950126] [-0.13122710452114406] [-0.818420538354605] [0.02772681599832877] [0.011802328022192221] 
      [0.27513704752780016] [0.4000000000000001] [0.23643854649449997] [BIAS:-0.23757230896195536]
   Node[3][0] --OutputNode--
      [-0.2815609784424177] [1.0] [-0.7029851043348918] [-0.4899335772482929] [0.5553655349948383] [-0.4796341446044316] 
      [-0.24954426933017293] [-0.5988123934748499] [0.6533984931419883] 
   Node[3][1] --OutputNode--
      [-0.28433351352159186] [-0.42518415449716257] [-0.3658787324883945] [0.07685694120490077] [-0.16788002755957004] [0.9312868963373253] 
      [0.18085191727603867] [0.6944985022081376] [-0.3747259175032455] 
   Node[3][2] --OutputNode--
      [-0.5454880928982471] [0.014051082101142975] [-0.09943217861906745] [-0.6000000000000001] [0.5260922831382702] [0.6703590544036391] 
      [0.9675222113202906] [0.5933903776331559] [-0.8389682119810615] 
}

Network {
 Heredity [10, 0, 0, 0, 0, 0, 0, 0, 0, 1]
  Network Structure [9, 9, 9, 3]  Score: 3.0

 Nodes::
   Node[0][0] --InputNode--
      [BIAS:-0.8]
   Node[0][1] --InputNode--
      [BIAS:0.3936526427355839]
   Node[0][2] --InputNode--
      [BIAS:-0.3807071705087363]
   Node[0][3] --InputNode--
      [BIAS:1.0]
   Node[0][4] --InputNode--
      [BIAS:0.15073299411306473]
   Node[0][5] --InputNode--
      [BIAS:-0.12463326967258048]
   Node[0][6] --InputNode--
      [BIAS:-0.6002168860770811]
   Node[0][7] --InputNode--
      [BIAS:0.4302053382531001]
   Node[0][8] --InputNode--
      [BIAS:0.8]
   Node[1][0] 
      [-0.7332933266697526] [0.4637100659775479] [0.2709276725217374] [-0.8151533064675305] [0.5709620072529957] [0.060693824770061466] 
      [-0.11391081317097307] [-0.31849116299576957] [-0.4086367424254486] [BIAS:0.4946614540882352]
   Node[1][1] 
      [0.8225485396934924] [0.7577192758261262] [0.06775321698065107] [0.7281599246368453] [-0.3453085340202944] [0.09201201314605328] 
      [-0.9268214645181612] [-0.7262105100918801] [0.02942591346447565] [BIAS:0.18350358315375537]
   Node[1][2] 
      [-0.7985803694175608] [-0.2640953946875794] [0.6738250520593172] [0.4962409064451326] [-0.37157062143473224] [1.0] 
      [0.8] [0.5057143846430645] [0.045106307926495726] [BIAS:-1.0]
   Node[1][3] 
      [-0.3300790366332425] [-0.5094334249941574] [0.3357783334358719] [-0.2989705890443986] [0.5025850019657361] [-0.6261459105266871] 
      [-0.08377166141958231] [-0.7915635916444277] [-0.1463184190844395] [BIAS:0.6420489152234115]
   Node[1][4] 
      [-1.0] [-0.06841590949412918] [0.2597964311494711] [-0.24370702023160717] [-1.0] [0.7772494901599203] 
      [0.4119497010650856] [-0.8] [-0.8976018052819557] [BIAS:-0.03589129621285464]
   Node[1][5] 
      [-0.007060166070867735] [-0.2277831756966578] [0.10276531128196109] [1.0] [0.21610574736904764] [-0.6289847505122651] 
      [0.4952744864107983] [-0.29824863147798625] [-1.0] [BIAS:-1.0]
   Node[1][6] 
      [-1.0] [-1.0] [0.46730577447126953] [0.8860557745529494] [1.0] [-0.39171484265214923] 
      [0.3360564015845508] [0.3229983993290024] [0.5031750027529831] [BIAS:0.18419317052972606]
   Node[1][7] 
      [0.2988731725500229] [0.16610892076574146] [0.33384853911124107] [0.0671494009473858] [0.3479481185297469] [-0.6389717328599973] 
      [-0.668203076678461] [-0.3764300568753931] [0.05615558755374933] [BIAS:0.545525602810436]
   Node[1][8] 
      [-1.0] [-0.9517699263788175] [-0.04559844177347394] [-0.1387454357250596] [-1.0] [0.2919820866131401] 
      [0.6741608747003598] [0.3900746206598315] [-0.4742207329551758] [BIAS:0.5401919565305253]
   Node[2][0] 
      [-0.043662941199262506] [-0.8596101126179878] [-1.0] [0.1589483492153041] [-0.7267168912554145] [-0.6922153740929677] 
      [-0.10139694624861739] [-0.29382477831485454] [0.41902504977272426] [BIAS:0.7955637990877689]
   Node[2][1] 
      [-0.7282086038760451] [0.34735775617964054] [-0.006567427206297716] [-0.09536560280302936] [-0.19121710028158762] [-0.37933133003171965] 
      [0.8392846709463362] [0.6884919635083064] [-0.1064917828142451] [BIAS:-0.03613878273725207]
   Node[2][2] 
      [0.8] [-0.6000000000000001] [0.533526040934308] [0.14537228117466278] [0.3190542452762131] [0.11121316641939644] 
      [-0.9113856498411654] [0.9346579547143081] [0.390136439514938] [BIAS:-1.0]
   Node[2][3] 
      [0.9505170553164881] [-0.6000000000000001] [0.6156465477423143] [0.5162058666448384] [0.06814515711372043] [0.55449050870388] 
      [-0.6048441730286573] [-1.0] [0.3894855425464359] [BIAS:0.19886476024900146]
   Node[2][4] 
      [-1.0] [-0.8] [0.23092234529862454] [-0.6433397631677236] [-1.0] [-0.14529135976401064] 
      [0.48662981259611743] [0.07197121427876291] [0.46624612129656734] [BIAS:-0.42102329690028445]
   Node[2][5] 
      [1.0] [-0.9881246787720965] [1.0] [0.10507387429909998] [1.0] [1.0] 
      [0.6438821123993748] [0.5725282442786872] [0.2483267232160249] [BIAS:0.26374491350441026]
   Node[2][6] 
      [0.6000000000000001] [0.6657440466843147] [0.7416217033904746] [-0.08913893636677467] [-0.15209932285279348] [0.7557905458929173] 
      [0.750817395615488] [-0.3912691798675782] [0.2829347367116101] [BIAS:-0.25441008371002394]
   Node[2][7] 
      [-0.15973456898931798] [0.16968908443671127] [-0.12785005535023636] [0.08536103224444097] [-1.0] [-0.07163013323661349] 
      [0.4844913064194502] [-0.8509937801234049] [-1.0] [BIAS:1.0]
   Node[2][8] 
      [-0.5847402977640159] [0.34845421715950126] [0.06877289547885596] [-0.818420538354605] [-0.17227318400167124] [0.011802328022192221] 
      [0.27513704752780016] [0.6000000000000001] [0.23643854649449997] [BIAS:-0.23757230896195536]
   Node[3][0] --OutputNode--
      [-0.4815609784424177] [1.0] [-0.7029851043348918] [-0.6899335772482929] [0.7553655349948383] [-0.6796341446044316] 
      [-0.24954426933017293] [-0.3988123934748499] [0.6533984931419883] 
   Node[3][1] --OutputNode--
      [-0.28433351352159186] [-0.22518415449716256] [-0.3658787324883945] [0.07685694120490077] [-0.36788002755957006] [0.9312868963373253] 
      [-0.019148082723961346] [0.4944985022081376] [-0.3747259175032455] 
   Node[3][2] --OutputNode--
      [-0.5454880928982471] [0.014051082101142975] [-0.29943217861906746] [-0.20000000000000007] [0.5260922831382702] [0.47035905440363907] 
      [0.9675222113202906] [0.7933903776331559] [-1.0] 
}

