class ColorTrial, completed: 2020-09-10--23-03-33    Networks Trained for: 0s
   # of Networks : 10
     # of Cycles : 10
Network Structure: [3, 9, 9, 3]
Dead Networks: DISCARDED
Input Legend
[Red, Green, Blue]

Inputs
[1.0, 1.0, 1.0, 1.0, 2.0, 2.0, 2.0, 2.0, 3.0, 3.0, 3.0, 3.0][1.0, 1.0, 1.0, 1.0, 2.0, 2.0, 2.0, 2.0, 3.0, 3.0, 3.0, 3.0][1.0, 1.0, 1.0, 1.0, 2.0, 2.0, 2.0, 2.0, 3.0, 3.0, 3.0, 3.0]

THE TOP 20% 
Network {
 Heredity [10, 0, 0, 0, 0, 0, 0, 0, 0, 0]
  Network Structure [12, 9, 9, 3]  Score: 3.0

 Nodes::
   Node[0][0] --InputNode--
      [BIAS:-0.41148702050889496]
   Node[0][1] --InputNode--
      [BIAS:0.06342774963113124]
   Node[0][2] --InputNode--
      [BIAS:0.16787600209712417]
   Node[0][3] --InputNode--
      [BIAS:0.48610596372500914]
   Node[0][4] --InputNode--
      [BIAS:-0.29499816505371945]
   Node[0][5] --InputNode--
      [BIAS:0.8]
   Node[0][6] --InputNode--
      [BIAS:-1.0]
   Node[0][7] --InputNode--
      [BIAS:-0.12130140464228556]
   Node[0][8] --InputNode--
      [BIAS:0.8]
   Node[0][9] --InputNode--
      [BIAS:-0.02892681136801023]
   Node[0][10] --InputNode--
      [BIAS:0.22859081144423365]
   Node[0][11] --InputNode--
      [BIAS:0.03002012831907075]
   Node[1][0] 
      [0.781575809197431] [-0.33965379584596284] [-0.1341474611121491] [0.5937730607790206] [-0.8784450121196112] [0.6493768507193818] 
      [-0.36028819309753246] [-0.27637525814192754] [-0.2600006177539721] [-0.3991290772036124] [-0.6393350582139135] 
      [1.0] [BIAS:0.7810269931394485]
   Node[1][1] 
      [0.24194006503001486] [-0.42627663618270123] [-0.007668388870587406] [0.024438983825559257] [-0.654916232240832] [-0.5493507294150126] 
      [0.38091039231513857] [0.31867465227881514] [-0.27290352595156336] [-0.1480011071199972] [-0.8] 
      [0.3265726771274557] [BIAS:0.2788508892477939]
   Node[1][2] 
      [0.6751479615207345] [-0.3385078352030924] [0.31827855822949963] [-0.5622619785271545] [-0.918573200383116] [0.8485448805110096] 
      [-0.04616151109844491] [0.5758710549603283] [0.23494556339028683] [-1.0] [0.3687250603993028] 
      [1.0] [BIAS:0.5876430891288598]
   Node[1][3] 
      [-0.13981017809681345] [-0.5912576872551085] [-0.6000000000000001] [-0.4904531841528192] [-0.3864945404674484] [0.5564610307481648] 
      [0.6305459065796484] [0.19018279628851337] [-0.06158152245374687] [0.7495380817386204] [0.3841187042669332] 
      [0.8265297242834193] [BIAS:0.6693172882395542]
   Node[1][4] 
      [-0.6880226865845352] [-0.19552105533119118] [0.1648627568778533] [-0.9728039071947217] [-0.5974079204215428] [0.4484400965709486] 
      [-0.321713715383572] [0.7198951417258965] [-0.8] [-0.7386643141268108] [-1.0] 
      [1.0] [BIAS:0.7967448463176636]
   Node[1][5] 
      [0.30759687206219477] [-0.7185365110516839] [-0.59724316953776] [-0.8118691757733563] [1.0] [0.36273786789970613] 
      [-0.6266525478057459] [0.08998223494356739] [1.0] [0.27441701209667985] [-0.20337008810917012] 
      [0.17096443625371804] [BIAS:0.6474553565463124]
   Node[1][6] 
      [-1.0] [-0.17270140277952778] [-0.44127123801772794] [-0.4782535607781394] [0.6479902248653486] [0.1471794196611792] 
      [0.14213591607067066] [-0.46670040821041414] [-0.3704281156754588] [-0.2866371963080406] [0.32007547890479254] 
      [-0.46406039584443853] [BIAS:-0.49506940867239807]
   Node[1][7] 
      [0.8] [-0.6375300222891862] [-0.6395756129751178] [-0.15433847833820402] [-0.0149939384003836] [0.5572548667793407] 
      [0.6913024035279991] [-0.45674350167839006] [-1.0] [0.28782933243195374] [0.6480720476195703] 
      [-0.4000000000000001] [BIAS:0.32213985629095016]
   Node[1][8] 
      [-0.08132464652797156] [0.33515742185319225] [0.05888688735501452] [-0.5527792942195779] [-0.7374538842645553] [-0.7259582739693262] 
      [0.2743629974589166] [0.8] [0.6000000000000001] [-0.6577701695931395] [-0.6371543506663697] 
      [0.32876799081892266] [BIAS:-0.8706182507259308]
   Node[2][0] 
      [-0.18246196738716197] [-0.6606934724123404] [0.6096208567577954] [1.0] [0.16253735729914998] [0.8083541804913079] 
      [1.0] [-0.3236725467538917] [0.4828059192082101] [BIAS:-0.4186435389360707]
   Node[2][1] 
      [0.627189171350822] [0.8807492187593866] [0.9539726749151995] [-0.0768761039768302] [0.6833190087513642] [-0.05944180143231864] 
      [-0.46363613421758876] [0.6595629000127934] [-0.5090291066010233] [BIAS:-0.08146932926078593]
   Node[2][2] 
      [0.18239099867223807] [-0.35783863035764635] [-0.8] [0.48985256774045915] [0.6000000000000001] [0.49211998242462685] 
      [0.3427425861565893] [-0.8] [-0.8] [BIAS:-0.6636009570481065]
   Node[2][3] 
      [-0.7658642396450264] [0.5017907027592212] [-1.0] [0.3999010118785497] [-0.7479315119326873] [-1.0] 
      [0.3889674302726693] [0.6324630850671036] [-0.021395002779937722] [BIAS:0.16104327091236004]
   Node[2][4] 
      [0.6699785080481684] [0.02628786045666215] [-1.0] [-0.24014260887746997] [0.5407523428227308] [0.11889189772305703] 
      [-0.5546509348767152] [0.19506361191863797] [-0.39170622726599497] [BIAS:0.5786064599777369]
   Node[2][5] 
      [-0.48969094244579664] [-0.5241619708091605] [-0.1255171252387718] [-0.06588295998237653] [0.06533856135180033] [-0.5315041070548252] 
      [-1.0] [-0.7635185441728458] [-0.496182295729724] [BIAS:-0.7704795942726261]
   Node[2][6] 
      [-1.0] [0.8] [-0.4026798412230929] [-0.543388728962803] [0.3361814621446779] [-0.92757802737781] 
      [0.47072036519917754] [-0.6754871370130597] [0.7174632289986367] [BIAS:-0.38312594660676774]
   Node[2][7] 
      [-0.384126130746622] [0.7180854110451684] [0.42159022646545646] [-1.0] [0.2816270934356828] [0.38328589743336533] 
      [-0.5581013911408712] [1.0] [-0.7795090722367417] [BIAS:-0.8]
   Node[2][8] 
      [0.6123369196593782] [-0.595403663748584] [0.2773909014899031] [-0.6867036899706018] [-0.5086013856833884] [0.6303804006820428] 
      [0.4734845492230652] [0.4073819304766933] [0.8] [BIAS:-0.22696369382214548]
   Node[3][0] --OutputNode--
      [0.06811480640648904] [0.4607338386819604] [0.0379041428021184] [0.6887210759422291] [-0.6254535866296255] [0.521592862943965] 
      [-1.0] [0.6157463916614081] [-0.6000000000000001] 
   Node[3][1] --OutputNode--
      [-0.006289269017841825] [-0.09800722368803505] [-0.320239153473324] [-0.05212034779038616] [-0.24010802895678457] [1.0] 
      [0.8693218364138791] [0.4846462790986161] [0.6197343794798154] 
   Node[3][2] --OutputNode--
      [0.7728898983791839] [-0.2475994250261735] [-0.6000000000000001] [-0.9824685706986256] [-0.3230761280918806] [-0.0361584798245444] 
      [0.7950327039307152] [0.16740576310304506] [0.2967410590610733] 
}

Network {
 Heredity [10, 0, 0, 0, 0, 0, 0, 0, 0, 1]
  Network Structure [12, 9, 9, 3]  Score: 3.0

 Nodes::
   Node[0][0] --InputNode--
      [BIAS:-0.21148702050889495]
   Node[0][1] --InputNode--
      [BIAS:0.26342774963113125]
   Node[0][2] --InputNode--
      [BIAS:0.16787600209712417]
   Node[0][3] --InputNode--
      [BIAS:0.48610596372500914]
   Node[0][4] --InputNode--
      [BIAS:-0.29499816505371945]
   Node[0][5] --InputNode--
      [BIAS:1.0]
   Node[0][6] --InputNode--
      [BIAS:-1.0]
   Node[0][7] --InputNode--
      [BIAS:-0.12130140464228556]
   Node[0][8] --InputNode--
      [BIAS:1.0]
   Node[0][9] --InputNode--
      [BIAS:-0.02892681136801023]
   Node[0][10] --InputNode--
      [BIAS:0.22859081144423365]
   Node[0][11] --InputNode--
      [BIAS:0.03002012831907075]
   Node[1][0] 
      [0.781575809197431] [-0.5396537958459628] [-0.1341474611121491] [0.5937730607790206] [-0.6784450121196112] [0.44937685071938177] 
      [0.03971180690246756] [-0.27637525814192754] [-0.4600006177539721] [-0.3991290772036124] [-0.6393350582139135] 
      [1.0] [BIAS:0.7810269931394485]
   Node[1][1] 
      [0.24194006503001486] [-0.6262766361827012] [-0.20766838887058742] [0.024438983825559257] [-0.654916232240832] [-0.5493507294150126] 
      [0.18091039231513856] [0.31867465227881514] [-0.07290352595156335] [-0.1480011071199972] [-0.8] 
      [0.12657267712745568] [BIAS:0.2788508892477939]
   Node[1][2] 
      [0.4751479615207345] [-0.1385078352030924] [0.31827855822949963] [-0.5622619785271545] [-0.918573200383116] [1.0] 
      [-0.04616151109844491] [0.5758710549603283] [0.23494556339028683] [-1.0] [0.5687250603993028] 
      [1.0] [BIAS:0.5876430891288598]
   Node[1][3] 
      [-0.13981017809681345] [-0.5912576872551085] [-0.6000000000000001] [-0.4904531841528192] [-0.5864945404674484] [0.5564610307481648] 
      [0.43054590657964836] [0.19018279628851337] [-0.06158152245374687] [0.5495380817386204] [0.3841187042669332] 
      [0.6265297242834194] [BIAS:0.6693172882395542]
   Node[1][4] 
      [-0.48802268658453524] [-0.19552105533119118] [0.1648627568778533] [-0.7728039071947217] [-0.39740792042154277] [0.4484400965709486] 
      [-0.521713715383572] [0.7198951417258965] [-0.6000000000000001] [-0.3386643141268108] [-1.0] 
      [0.9292175700080025] [BIAS:0.7967448463176636]
   Node[1][5] 
      [0.30759687206219477] [-0.7185365110516839] [-0.39724316953776] [-1.0] [0.9473314151428667] [0.36273786789970613] 
      [-0.42665254780574585] [0.08998223494356739] [1.0] [0.27441701209667985] [-0.20337008810917012] 
      [0.17096443625371804] [BIAS:0.24745535654631234]
   Node[1][6] 
      [-1.0] [-0.3727014027795278] [-0.24127123801772793] [-0.4782535607781394] [1.0] [0.1471794196611792] 
      [0.3421359160706707] [-0.06670040821041412] [-0.1704281156754588] [-0.2866371963080406] [0.32007547890479254] 
      [-0.06406039584443851] [BIAS:-0.29506940867239806]
   Node[1][7] 
      [0.6000000000000001] [-0.6375300222891862] [-0.8395756129751177] [-0.15433847833820402] [-0.0149939384003836] [0.5572548667793407] 
      [0.6913024035279991] [-0.25674350167839005] [-0.8659551698561434] [0.28782933243195374] [0.6480720476195703] 
      [-0.4000000000000001] [BIAS:0.32213985629095016]
   Node[1][8] 
      [-0.08132464652797156] [0.13515742185319224] [0.25888688735501453] [-0.5527792942195779] [-0.7374538842645553] [-0.5259582739693263] 
      [-0.1256370025410834] [1.0] [0.6000000000000001] [-0.6577701695931395] [-0.6371543506663697] 
      [0.32876799081892266] [BIAS:-0.8706182507259308]
   Node[2][0] 
      [-0.382461967387162] [-0.46069347241234043] [0.6096208567577954] [1.0] [-0.037462642700850035] [1.0] 
      [1.0] [-0.12367254675389167] [0.4828059192082101] [BIAS:-0.6186435389360707]
   Node[2][1] 
      [0.627189171350822] [0.8807492187593866] [0.9539726749151995] [0.12312389602316981] [0.4833190087513642] [-0.05944180143231864] 
      [-0.26363613421758875] [0.8595629000127933] [-0.5090291066010233] [BIAS:-0.08146932926078593]
   Node[2][2] 
      [0.18239099867223807] [-0.35783863035764635] [-0.8] [0.28985256774045914] [0.4000000000000001] [0.29211998242462683] 
      [0.3427425861565893] [-0.8] [-0.8] [BIAS:-0.8636009570481065]
   Node[2][3] 
      [-0.9658642396450263] [0.9017907027592211] [-1.0] [0.5999010118785497] [-0.7479315119326873] [-1.0] 
      [-0.011032569727330743] [0.8324630850671035] [-0.021395002779937722] [BIAS:0.36104327091236005]
   Node[2][4] 
      [0.26997850804816836] [0.02628786045666215] [-0.8] [-0.24014260887746997] [0.7407523428227307] [0.11889189772305703] 
      [-0.35465093487671523] [0.19506361191863797] [-0.19170622726599496] [BIAS:0.5786064599777369]
   Node[2][5] 
      [-0.6896909424457967] [-0.7241619708091604] [-0.1255171252387718] [0.13411704001762348] [0.06533856135180033] [-0.3315041070548252] 
      [-1.0] [-0.7635185441728458] [-0.496182295729724] [BIAS:-0.7704795942726261]
   Node[2][6] 
      [-1.0] [1.0] [-0.4026798412230929] [-0.343388728962803] [0.5361814621446779] [-0.7275780273778101] 
      [0.8707203651991775] [-0.6754871370130597] [0.5174632289986367] [BIAS:-0.5831259466067678]
   Node[2][7] 
      [-0.384126130746622] [0.7180854110451684] [0.22159022646545645] [-0.8] [0.2816270934356828] [0.5832858974333653] 
      [-0.7581013911408712] [1.0] [-0.7795090722367417] [BIAS:-1.0]
   Node[2][8] 
      [0.21233691965937818] [-0.795403663748584] [0.07739090148990307] [-0.6867036899706018] [-0.7086013856833884] [0.6303804006820428] 
      [0.2734845492230652] [0.4073819304766933] [1.0] [BIAS:-0.22696369382214548]
   Node[3][0] --OutputNode--
      [0.06811480640648904] [0.4607338386819604] [0.2379041428021184] [0.6887210759422291] [-0.6254535866296255] [0.521592862943965] 
      [-1.0] [0.4157463916614081] [-0.8] 
   Node[3][1] --OutputNode--
      [-0.006289269017841825] [0.10199277631196496] [-0.520239153473324] [-0.05212034779038616] [-0.04010802895678456] [0.8] 
      [0.8693218364138791] [0.08464627909861605] [0.41973437947981534] 
   Node[3][2] --OutputNode--
      [0.7728898983791839] [-0.2475994250261735] [-0.6000000000000001] [-0.9824685706986256] [-0.3230761280918806] [-0.0361584798245444] 
      [0.5950327039307153] [-0.03259423689695495] [0.2967410590610733] 
}

