class ColorTrial, completed: 2020-09-10--22-49-00    Networks Trained for: 0s
   # of Networks : 10
     # of Cycles : 10
Network Structure: [3, 9, 9, 3]
Dead Networks: DISCARDED
Input Legend
[Red, Green, Blue]

Inputs
[1.0, 1.0, 1.0, 1.0, 2.0, 2.0, 2.0, 2.0, 3.0, 3.0, 3.0, 3.0][1.0, 1.0, 1.0, 1.0, 2.0, 2.0, 2.0, 2.0, 3.0, 3.0, 3.0, 3.0][1.0, 1.0, 1.0, 1.0, 2.0, 2.0, 2.0, 2.0, 3.0, 3.0, 3.0, 3.0]

THE TOP 20% 
Network {
 Heredity [10, 0, 0, 0, 0, 0, 0, 0, 0, 0]
  Network Structure [9, 9, 9, 3]  Score: 3.0

 Nodes::
   Node[0][0] --InputNode--
      [BIAS:0.3138569660819252]
   Node[0][1] --InputNode--
      [BIAS:1.0]
   Node[0][2] --InputNode--
      [BIAS:0.4448491218705966]
   Node[0][3] --InputNode--
      [BIAS:-0.12896624385069744]
   Node[0][4] --InputNode--
      [BIAS:-0.25731680447962885]
   Node[0][5] --InputNode--
      [BIAS:-0.5415270697985213]
   Node[0][6] --InputNode--
      [BIAS:-0.8432938322582189]
   Node[0][7] --InputNode--
      [BIAS:-0.36170602608900226]
   Node[0][8] --InputNode--
      [BIAS:0.053306776644651666]
   Node[1][0] 
      [-0.7889206968228892] [-0.10383478795732709] [0.22638231213576804] [-1.0] [0.9953922784730094] [-0.7676697589716843] 
      [-0.13246648520719545] [0.7856131769807906] [-0.49121888314495116] [BIAS:0.014732750718204624]
   Node[1][1] 
      [0.47583221385779223] [0.11383461818904139] [0.5988566509006894] [0.6863928404404402] [0.33082343636298867] [-0.21271245256727417] 
      [-0.21094156395211172] [0.5477891107403028] [0.3316875832021353] [BIAS:0.25874712083181206]
   Node[1][2] 
      [0.53616475051229] [0.3964068680728519] [0.7686234784828141] [0.3815962234571199] [0.2720331771499036] [-0.05963618736588783] 
      [1.0] [0.13758783155897714] [0.26508197519201876] [BIAS:0.4209394640243525]
   Node[1][3] 
      [-0.08142883947480056] [-0.4415463203123135] [-0.7172748769996573] [0.3776633537143212] [0.7860218512550787] [0.19786598199218342] 
      [-0.2558215166843336] [-0.1490553477195692] [0.5165246093293197] [BIAS:-0.6471636773647735]
   Node[1][4] 
      [0.12375570508939648] [-0.05894542134265618] [1.0] [-1.0] [-0.00202282516487734] [0.9286004826566354] 
      [-0.0018824041537912062] [-0.5104706176375453] [0.5255179626804429] [BIAS:0.5104590464854424]
   Node[1][5] 
      [-0.013713518745581077] [0.18548494173462493] [-0.4927767293068834] [0.5164639470391674] [-0.8] [0.10201895388689475] 
      [-0.1058756196441194] [0.545971303395479] [-0.6094655617890421] [BIAS:0.029888643906513912]
   Node[1][6] 
      [-0.3054110011587148] [-0.6000000000000001] [0.2290562753966332] [-0.5666573527751595] [0.07744604147912992] [0.38151293523427926] 
      [-0.3467733310087568] [-0.8] [1.0] [BIAS:-0.7954143010626435]
   Node[1][7] 
      [0.07597321038563748] [0.3267099580565104] [-0.13044536483265562] [0.7633356517800036] [-1.0] [0.07248655508047758] 
      [-1.0] [0.21493819758083688] [-1.0] [BIAS:0.013706548082291437]
   Node[1][8] 
      [-0.42611935004071605] [-0.13381479787429834] [-0.42973797944822945] [-0.5788079079299361] [-0.015760278192235022] [0.8712178553150567] 
      [-0.6510884870843152] [-1.0] [-0.35460042510504913] [BIAS:-0.08006102900690587]
   Node[2][0] 
      [0.6824854395120294] [0.8] [0.9995841162770238] [0.6331802736752494] [0.8276278309209308] [-0.5883867954985118] 
      [1.0] [0.47952996424359295] [0.5051297022124879] [BIAS:0.07390682076868882]
   Node[2][1] 
      [0.4747620546011302] [-0.6099464298194692] [-0.49417734842721467] [-0.5561795478270197] [-0.2635399946867967] [-0.9290310543701685] 
      [0.34435658238243066] [0.2329917023082838] [-0.8] [BIAS:0.5006645309287994]
   Node[2][2] 
      [-1.0] [-0.1032599923085582] [-0.6000000000000001] [-0.9537217473814139] [0.3143398180398462] [-1.0] 
      [-0.7641563102337137] [-0.7536174951074368] [0.14196318355970605] [BIAS:0.9291744962596071]
   Node[2][3] 
      [-0.4546926437557181] [0.3801487106016529] [0.42865164301806497] [-0.6012212717733383] [0.01848044383934211] [-0.1203069260948354] 
      [-0.8520468763270856] [0.3042685406837586] [-0.4422604004381487] [BIAS:-0.9588667223663152]
   Node[2][4] 
      [0.23044377515374143] [0.9463442300568612] [-0.3564740962199766] [0.1512141954285363] [0.19619972317914602] [-0.3204564174925108] 
      [-0.31158116895570287] [-0.12981138450385987] [-1.0] [BIAS:0.8]
   Node[2][5] 
      [-0.2642926596751236] [-0.5020330734022321] [-0.5708612055556386] [-0.7429841201143041] [-0.06164209101580037] [0.9993784129414427] 
      [-0.2678854809323104] [0.1507363086197393] [0.7124841745282151] [BIAS:0.7757141269881942]
   Node[2][6] 
      [-0.3769571731131291] [-0.598790416059543] [-0.5198748157371862] [0.3435501486548192] [0.5871853237018194] [-0.40883034583171146] 
      [0.2993422940754209] [-0.2818217497775187] [0.004566558389483277] [BIAS:-0.2671215282789029]
   Node[2][7] 
      [-0.5746517049496576] [-0.40220232562471536] [0.8] [-0.7257695892461313] [0.8] [-0.7940477373866461] 
      [-1.0] [-0.29375234363519415] [0.37437105296983686] [BIAS:-0.9264770700601916]
   Node[2][8] 
      [0.435100868096712] [-0.5613716690571757] [0.47393566431683637] [-0.8720849179184949] [-0.20500945085521272] [0.9775885098534063] 
      [0.4683763664789857] [0.20590844053522916] [0.5376277944763984] [BIAS:0.07031694885421241]
   Node[3][0] --OutputNode--
      [0.7452572616939936] [-0.8] [-0.04730119627820317] [1.0] [-0.03571244137180146] [-0.13438637520009933] 
      [1.0] [-0.04603359454813377] [0.12371328877784016] 
   Node[3][1] --OutputNode--
      [-0.10205234842245986] [0.8] [-0.3472397350099747] [-0.6924929442020586] [-0.5804750961090991] [-0.5271993631607046] 
      [1.0] [-0.9268753984649347] [-0.04957019129207446] 
   Node[3][2] --OutputNode--
      [0.3395777606566334] [-1.0] [0.1717747927766068] [-0.5853888113477521] [-0.18433524796465017] [0.6724138941033821] 
      [0.5496348059283481] [0.8] [0.11076224482709696] 
}

Network {
 Heredity [10, 0, 0, 0, 0, 0, 0, 0, 0, 1]
  Network Structure [9, 9, 9, 3]  Score: 3.0

 Nodes::
   Node[0][0] --InputNode--
      [BIAS:0.3138569660819252]
   Node[0][1] --InputNode--
      [BIAS:1.0]
   Node[0][2] --InputNode--
      [BIAS:0.2448491218705966]
   Node[0][3] --InputNode--
      [BIAS:-0.32896624385069745]
   Node[0][4] --InputNode--
      [BIAS:-0.45731680447962886]
   Node[0][5] --InputNode--
      [BIAS:-0.7415270697985212]
   Node[0][6] --InputNode--
      [BIAS:-1.0]
   Node[0][7] --InputNode--
      [BIAS:0.03829397391099776]
   Node[0][8] --InputNode--
      [BIAS:0.053306776644651666]
   Node[1][0] 
      [-0.5889206968228893] [-0.3038347879573271] [0.026382312135768027] [-0.8] [0.9953922784730094] [-0.7676697589716843] 
      [-0.13246648520719545] [0.5856131769807906] [-0.49121888314495116] [BIAS:0.014732750718204624]
   Node[1][1] 
      [0.47583221385779223] [-0.08616538181095862] [0.3988566509006894] [0.6863928404404402] [0.33082343636298867] [-0.21271245256727417] 
      [-0.21094156395211172] [0.5477891107403028] [0.5316875832021353] [BIAS:0.45874712083181207]
   Node[1][2] 
      [0.53616475051229] [0.5964068680728519] [0.5686234784828141] [0.5815962234571199] [0.4720331771499036] [-0.05963618736588783] 
      [1.0] [0.33758783155897715] [0.26508197519201876] [BIAS:0.8209394640243526]
   Node[1][3] 
      [-0.08142883947480056] [-0.6415463203123135] [-0.7172748769996573] [0.17766335371432118] [0.7860218512550787] [0.3978659819921834] 
      [-0.4558215166843336] [-0.3490553477195692] [0.7165246093293196] [BIAS:-0.8471636773647735]
   Node[1][4] 
      [0.3237557050893965] [-0.2589454213426562] [1.0] [-0.8612851528496535] [-0.20202282516487735] [0.7286004826566355] 
      [-0.20188240415379122] [-0.5104706176375453] [0.3255179626804429] [BIAS:0.7104590464854423]
   Node[1][5] 
      [0.18628648125441893] [-0.01451505826537508] [-0.4927767293068834] [0.31646394703916747] [-0.8] [0.30201895388689476] 
      [-0.1058756196441194] [0.545971303395479] [-0.809465561789042] [BIAS:-0.1701113560934861]
   Node[1][6] 
      [-0.3054110011587148] [-0.8] [0.2290562753966332] [-0.5666573527751595] [0.07744604147912992] [0.38151293523427926] 
      [-0.3467733310087568] [-1.0] [1.0] [BIAS:-0.7954143010626435]
   Node[1][7] 
      [0.07597321038563748] [0.5267099580565104] [-0.33044536483265563] [0.7633356517800036] [-0.9275958261753297] [0.2724865550804776] 
      [-0.8] [0.21493819758083688] [-1.0] [BIAS:0.013706548082291437]
   Node[1][8] 
      [-0.42611935004071605] [0.2661852021257017] [-0.6297379794482294] [-0.37880790792993607] [-0.015760278192235022] [0.8712178553150567] 
      [-0.6510884870843152] [-1.0] [-0.35460042510504913] [BIAS:-0.2800610290069059]
   Node[2][0] 
      [0.6824854395120294] [0.8] [0.9995841162770238] [0.6331802736752494] [0.6276278309209309] [-0.38838679549851185] 
      [0.8] [0.47952996424359295] [0.30512970221248786] [BIAS:-0.1260931792313112]
   Node[2][1] 
      [0.4747620546011302] [-0.8099464298194692] [-0.6941773484272147] [-0.3561795478270197] [-0.6635399946867967] [-0.5290310543701686] 
      [0.34435658238243066] [0.2329917023082838] [-1.0] [BIAS:0.30066453092879936]
   Node[2][2] 
      [-0.8] [-0.5032599923085582] [-0.8] [-0.9537217473814139] [0.3143398180398462] [-1.0] 
      [-0.7641563102337137] [-0.7536174951074368] [0.5419631835597061] [BIAS:0.9291744962596071]
   Node[2][3] 
      [-0.2546926437557181] [0.18014871060165288] [0.42865164301806497] [-0.8012212717733382] [-0.1815195561606579] [0.07969307390516461] 
      [-0.6520468763270857] [0.5042685406837586] [-0.4422604004381487] [BIAS:-1.0]
   Node[2][4] 
      [0.23044377515374143] [0.9463442300568612] [-0.3564740962199766] [0.3512141954285363] [0.19619972317914602] [-0.3204564174925108] 
      [-0.31158116895570287] [-0.12981138450385987] [-1.0] [BIAS:0.8]
   Node[2][5] 
      [-0.0642926596751236] [-0.5020330734022321] [-0.37086120555563856] [-0.9429841201143041] [-0.06164209101580037] [1.0] 
      [-0.2678854809323104] [-0.04926369138026071] [0.7124841745282151] [BIAS:0.9757141269881942]
   Node[2][6] 
      [-0.3769571731131291] [-0.7987904160595429] [-0.5198748157371862] [0.3435501486548192] [0.5871853237018194] [-0.6088303458317115] 
      [0.4993422940754209] [-0.2818217497775187] [0.004566558389483277] [BIAS:0.13287847172109712]
   Node[2][7] 
      [-0.37465170494965755] [-0.00220232562471534] [0.8] [-0.7257695892461313] [0.6000000000000001] [-0.5940477373866462] 
      [-0.8] [-0.29375234363519415] [0.37437105296983686] [BIAS:-0.9264770700601916]
   Node[2][8] 
      [0.435100868096712] [-0.5613716690571757] [0.47393566431683637] [-0.8720849179184949] [-0.4050094508552127] [0.9775885098534063] 
      [0.6683763664789857] [0.20590844053522916] [0.5376277944763984] [BIAS:0.07031694885421241]
   Node[3][0] --OutputNode--
      [0.7452572616939936] [-1.0] [-0.04730119627820317] [1.0] [-0.03571244137180146] [0.06561362479990068] 
      [1.0] [-0.04603359454813377] [0.12371328877784016] 
   Node[3][1] --OutputNode--
      [0.09794765157754015] [1.0] [-0.14723973500997467] [-0.6924929442020586] [-0.3804750961090991] [-0.9271993631607045] 
      [0.6000000000000001] [-0.9268753984649347] [0.15042980870792555] 
   Node[3][2] --OutputNode--
      [0.3395777606566334] [-1.0] [-0.028225207223393223] [-0.3853888113477521] [-0.18433524796465017] [0.6724138941033821] 
      [0.3496348059283481] [0.8] [0.11076224482709696] 
}

