class ColorTrial, completed: 2020-09-10--23-03-01    Networks Trained for: 0s
   # of Networks : 10
     # of Cycles : 10
Network Structure: [3, 9, 9, 3]
Dead Networks: DISCARDED
Input Legend
[Red, Green, Blue]

Inputs
[1.0, 1.0, 1.0, 1.0, 2.0, 2.0, 2.0, 2.0, 3.0, 3.0, 3.0, 3.0][1.0, 1.0, 1.0, 1.0, 2.0, 2.0, 2.0, 2.0, 3.0, 3.0, 3.0, 3.0][1.0, 1.0, 1.0, 1.0, 2.0, 2.0, 2.0, 2.0, 3.0, 3.0, 3.0, 3.0]

THE TOP 20% 
Network {
 Heredity [10, 0, 0, 0, 0, 0, 0, 0, 0, 0]
  Network Structure [12, 9, 9, 3]  Score: 3.0

 Nodes::
   Node[0][0] --InputNode--
      [BIAS:-0.8]
   Node[0][1] --InputNode--
      [BIAS:-0.42424900387410486]
   Node[0][2] --InputNode--
      [BIAS:0.6295659870600914]
   Node[0][3] --InputNode--
      [BIAS:-0.5193259517916343]
   Node[0][4] --InputNode--
      [BIAS:0.7135367219691962]
   Node[0][5] --InputNode--
      [BIAS:-1.0]
   Node[0][6] --InputNode--
      [BIAS:0.3343586566444216]
   Node[0][7] --InputNode--
      [BIAS:-1.0]
   Node[0][8] --InputNode--
      [BIAS:0.7685816480777923]
   Node[0][9] --InputNode--
      [BIAS:-0.5166966099329209]
   Node[0][10] --InputNode--
      [BIAS:-0.3722871716568085]
   Node[0][11] --InputNode--
      [BIAS:-0.6572803071657547]
   Node[1][0] 
      [0.950255947736437] [0.35597419109674017] [-0.5877036335111394] [0.36404785537463547] [-0.3846883325740555] [-1.0] 
      [-0.6050849900610882] [-0.439495366952952] [-0.440334122139869] [-0.44936252253662223] [0.8] 
      [-0.11167296435122848] [BIAS:-0.8101274898070332]
   Node[1][1] 
      [-0.4485897313874136] [-0.09365572676203032] [-0.2053005256181853] [-0.13848156697356667] [-0.8170919584023129] [-0.48880178870743757] 
      [1.0] [-0.8] [-0.33998963452629744] [0.7373025298626446] [-0.659652386646358] 
      [0.36667418679560115] [BIAS:-0.4912752363935618]
   Node[1][2] 
      [-0.1450973966455586] [0.7535809741904145] [-0.33827457928659704] [0.6481566958460553] [-0.5727442382045618] [0.8771815429845844] 
      [-0.6000000000000001] [0.3229762116884837] [-1.0] [0.2852582468901197] [-0.0035370112307893664] 
      [0.12833622268466022] [BIAS:0.4273883531937064]
   Node[1][3] 
      [0.3020924956633348] [0.08113310549999497] [-0.7288486577521658] [-0.13226832164122337] [0.6000000000000001] [0.2548735235066273] 
      [-0.12390088693221407] [0.9394905826463715] [-0.8359344951753873] [-1.0] [0.17165870648621884] 
      [0.14513556073498318] [BIAS:-0.8]
   Node[1][4] 
      [-1.0] [-0.2190453576730922] [0.25399153524225027] [0.12189349430419105] [-0.23496570341267747] [-0.10587257598356753] 
      [-0.8] [-0.768013049838788] [-0.1791334981603142] [-0.7865950493556115] [-0.10505014971828808] 
      [-0.8] [BIAS:-0.5870258093904961]
   Node[1][5] 
      [-0.1609979708022281] [-0.3198567452102634] [-0.6652502175286825] [0.41017533643073256] [0.7034291042721885] [-0.8201846462372546] 
      [-0.8] [0.27749124251240637] [-0.6362564880382962] [-0.1975142195891279] [0.665642756802052] 
      [-0.5273998753079194] [BIAS:-0.6742702578384416]
   Node[1][6] 
      [0.7017734699325133] [-0.3134176810839186] [-0.3366836662664518] [-0.19905028318848317] [0.4893970105363867] [-0.456290964045204] 
      [-0.31548457699735866] [-0.312945165337186] [-0.8] [0.41372853587589725] [-0.07324635491114329] 
      [-0.7862930103695807] [BIAS:-0.2422026511120164]
   Node[1][7] 
      [0.8207404878902369] [0.0851585674596213] [-0.4890926433742037] [0.3230344523981497] [0.8] [-0.8] 
      [-0.06651440476809095] [0.05549261334223354] [-0.4538918653404664] [-0.8] [-0.28504509017820523] 
      [-0.8991020935248804] [BIAS:-0.13507576011082761]
   Node[1][8] 
      [-0.707466119583068] [-0.3741081765330018] [-0.7096673044183635] [-0.1260979237307251] [-0.5830307760728747] [-1.0] 
      [1.0] [0.5759958840850707] [0.5864873246943323] [-0.6704109762999461] [-0.04539091381056154] 
      [0.3826935558377231] [BIAS:-0.544128438618567]
   Node[2][0] 
      [1.0] [-0.6731143871645802] [0.1363326629811556] [0.21864614997121778] [0.21369999372952087] [-0.397495562746149] 
      [-0.3217684283704842] [-0.1487299457865457] [-1.0] [BIAS:-0.5548248067764574]
   Node[2][1] 
      [-0.2967763498463137] [0.42205760132054376] [-0.10099666450568373] [0.2384059710910829] [-0.7506135211910938] [0.5941834343233579] 
      [-0.8585257813087346] [-0.857810254047018] [0.3424602889915839] [BIAS:-0.22404174665768356]
   Node[2][2] 
      [0.28823615893868076] [-0.5261037799227837] [-0.5523465217629691] [-0.2421106952238894] [-0.278192797928976] [-0.3305152304076965] 
      [-0.7227634936726557] [-0.27513232258972875] [0.7508159996960109] [BIAS:-0.5887675259353378]
   Node[2][3] 
      [-0.03947244401522404] [-0.1568467230906253] [-0.7002803196773166] [1.0] [-0.19642262355922657] [-0.20434427068719307] 
      [-1.0] [0.11112846507671109] [1.0] [BIAS:-0.5246622654141533]
   Node[2][4] 
      [1.0] [-0.030333341039005146] [0.5926084318236253] [-0.8546039238517749] [0.7588521282467451] [-0.5973501703313149] 
      [-0.2800661982975252] [0.5362029524835045] [0.623371737346821] [BIAS:0.216299627403588]
   Node[2][5] 
      [-0.20002176881671813] [0.5728183503663162] [-0.9928436706680228] [-0.30696334486820603] [0.10229296677672639] [0.8] 
      [-0.4721963400656024] [0.14980337262192772] [-0.09725292916490202] [BIAS:-0.17382870350340307]
   Node[2][6] 
      [-0.4901203555338021] [0.1352653502827727] [0.19976841843026016] [-0.45083873786187806] [-1.0] [-0.36471227140008644] 
      [0.48405371980465256] [-0.4596903886203698] [0.8] [BIAS:0.2111618804167022]
   Node[2][7] 
      [0.6878824645618413] [-0.8250806839130269] [-1.0] [0.4126359632975121] [0.6000000000000001] [1.0] 
      [0.6346275882452947] [0.0878797545555075] [-0.2727771698113659] [BIAS:-0.4000000000000001]
   Node[2][8] 
      [-0.1070657622215393] [-0.04490554474272257] [0.35017690292974507] [-0.6870219050892419] [-0.04264952806025163] [-0.19444577657575768] 
      [-0.3373275602195779] [-0.39930746549488144] [-0.4120024488222582] [BIAS:0.7754452032930705]
   Node[3][0] --OutputNode--
      [0.3688110814608015] [1.0] [-0.8] [-1.0] [-0.6209886148770647] [1.0] 
      [0.7113165184407191] [1.0] [-0.7375996569699812] 
   Node[3][1] --OutputNode--
      [-0.18174064666459078] [-1.0] [0.7832030968672685] [-0.5690529090345207] [-1.0] [0.6312455761561115] 
      [0.7085943588721613] [0.843151767806986] [-0.5861979995008564] 
   Node[3][2] --OutputNode--
      [-0.6163216751039586] [0.9094114591944784] [0.30442886099375127] [-0.23209769995325796] [-0.5600331698343686] [-0.2994357366337211] 
      [-0.7755872002506492] [-0.5921081627057336] [-0.7630722017261311] 
}

Network {
 Heredity [10, 0, 0, 0, 0, 0, 0, 0, 0, 1]
  Network Structure [12, 9, 9, 3]  Score: 3.0

 Nodes::
   Node[0][0] --InputNode--
      [BIAS:-1.0]
   Node[0][1] --InputNode--
      [BIAS:-0.42424900387410486]
   Node[0][2] --InputNode--
      [BIAS:0.6295659870600914]
   Node[0][3] --InputNode--
      [BIAS:-0.7193259517916344]
   Node[0][4] --InputNode--
      [BIAS:0.7135367219691962]
   Node[0][5] --InputNode--
      [BIAS:-0.8643648171134843]
   Node[0][6] --InputNode--
      [BIAS:0.5343586566444216]
   Node[0][7] --InputNode--
      [BIAS:-1.0]
   Node[0][8] --InputNode--
      [BIAS:0.5685816480777923]
   Node[0][9] --InputNode--
      [BIAS:-0.31669660993292087]
   Node[0][10] --InputNode--
      [BIAS:-0.3722871716568085]
   Node[0][11] --InputNode--
      [BIAS:-0.6572803071657547]
   Node[1][0] 
      [0.950255947736437] [0.35597419109674017] [-0.7877036335111394] [0.36404785537463547] [-0.3846883325740555] [-1.0] 
      [-0.6050849900610882] [-0.439495366952952] [-0.440334122139869] [-0.44936252253662223] [1.0] 
      [0.08832703564877153] [BIAS:-0.6101274898070332]
   Node[1][1] 
      [-0.24858973138741358] [-0.09365572676203032] [-0.2053005256181853] [-0.13848156697356667] [-0.8170919584023129] [-0.48880178870743757] 
      [1.0] [-1.0] [-0.33998963452629744] [0.7373025298626446] [-0.8596523866463579] 
      [0.36667418679560115] [BIAS:-0.2912752363935618]
   Node[1][2] 
      [0.054902603354441415] [0.7535809741904145] [-0.33827457928659704] [0.6481566958460553] [-0.5727442382045618] [0.6771815429845844] 
      [-0.4000000000000001] [0.3229762116884837] [-1.0] [0.2852582468901197] [-0.0035370112307893664] 
      [-0.0716637773153398] [BIAS:0.4273883531937064]
   Node[1][3] 
      [0.5020924956633348] [0.08113310549999497] [-0.3288486577521658] [-0.3322683216412234] [0.8] [0.2548735235066273] 
      [-0.12390088693221407] [0.7394905826463716] [-0.6359344951753874] [-1.0] [0.5716587064862189] 
      [0.14513556073498318] [BIAS:-0.6000000000000001]
   Node[1][4] 
      [-0.8096579112051354] [-0.2190453576730922] [0.4539915352422503] [0.12189349430419105] [-0.23496570341267747] [-0.10587257598356753] 
      [-0.8] [-0.768013049838788] [-0.1791334981603142] [-0.5865950493556116] [-0.3050501497182881] 
      [-0.8] [BIAS:-0.5870258093904961]
   Node[1][5] 
      [0.039002029197771904] [-0.3198567452102634] [-0.6652502175286825] [0.21017533643073255] [0.7034291042721885] [-0.8201846462372546] 
      [-0.8] [0.27749124251240637] [-0.6362564880382962] [0.002485780410872107] [0.665642756802052] 
      [-0.3273998753079194] [BIAS:-0.6742702578384416]
   Node[1][6] 
      [0.7017734699325133] [-0.5134176810839186] [-0.3366836662664518] [-0.19905028318848317] [0.4893970105363867] [-0.456290964045204] 
      [-0.31548457699735866] [-0.11294516533718602] [-0.8] [0.41372853587589725] [-0.2732463549111433] 
      [-0.7862930103695807] [BIAS:-0.042202651112016376]
   Node[1][7] 
      [0.8207404878902369] [0.2851585674596213] [-0.4890926433742037] [0.1230344523981497] [0.8] [-0.8] 
      [-0.06651440476809095] [0.05549261334223354] [-0.4538918653404664] [-0.8] [-0.08504509017820522] 
      [-0.8991020935248804] [BIAS:-0.13507576011082761]
   Node[1][8] 
      [-0.707466119583068] [-0.1741081765330018] [-0.9096673044183634] [-0.1260979237307251] [-0.5830307760728747] [-1.0] 
      [0.8207449843985393] [0.5759958840850707] [0.5864873246943323] [-0.6704109762999461] [0.15460908618943847] 
      [0.5826935558377231] [BIAS:-0.544128438618567]
   Node[2][0] 
      [0.8809889045172103] [-0.6731143871645802] [0.1363326629811556] [0.21864614997121778] [0.4136999937295209] [-0.397495562746149] 
      [-0.3217684283704842] [-0.1487299457865457] [-0.9501254870603659] [BIAS:-0.5548248067764574]
   Node[2][1] 
      [-0.4967763498463137] [0.42205760132054376] [0.2990033354943163] [0.4384059710910829] [-0.7506135211910938] [0.39418343432335784] 
      [-0.8585257813087346] [-0.857810254047018] [0.3424602889915839] [BIAS:-0.22404174665768356]
   Node[2][2] 
      [0.4882361589386808] [-0.3261037799227836] [-0.752346521762969] [0.15788930477611063] [-0.278192797928976] [-0.5305152304076965] 
      [-0.5227634936726557] [-0.27513232258972875] [0.7508159996960109] [BIAS:-0.5887675259353378]
   Node[2][3] 
      [-0.03947244401522404] [-0.1568467230906253] [-0.5002803196773167] [1.0] [0.0035773764407734387] [-0.20434427068719307] 
      [-1.0] [0.11112846507671109] [0.8490637394622096] [BIAS:-0.5246622654141533]
   Node[2][4] 
      [1.0] [-0.23033334103900516] [0.3926084318236253] [-0.8546039238517749] [0.7588521282467451] [-0.5973501703313149] 
      [-0.6800661982975252] [0.13620295248350445] [0.4233717373468211] [BIAS:0.216299627403588]
   Node[2][5] 
      [0.1999782311832819] [0.7728183503663162] [-0.7928436706680229] [-0.30696334486820603] [-0.09770703322327362] [0.8] 
      [-0.4721963400656024] [0.14980337262192772] [-0.29725292916490204] [BIAS:-0.3738287035034031]
   Node[2][6] 
      [-0.6901203555338021] [-0.06473464971722731] [0.19976841843026016] [-0.45083873786187806] [-1.0] [-0.16471227140008643] 
      [0.28405371980465255] [-0.6596903886203698] [0.8] [BIAS:0.4111618804167022]
   Node[2][7] 
      [0.6878824645618413] [-0.42508068391302695] [-1.0] [0.4126359632975121] [0.6000000000000001] [0.8] 
      [0.6346275882452947] [0.0878797545555075] [-0.2727771698113659] [BIAS:-0.6000000000000001]
   Node[2][8] 
      [-0.3070657622215393] [-0.04490554474272257] [0.5501769029297451] [-0.8870219050892418] [-0.44264952806025165] [-0.19444577657575768] 
      [-0.3373275602195779] [-0.5993074654948815] [-0.21200244882225822] [BIAS:0.5754452032930706]
   Node[3][0] --OutputNode--
      [0.16881108146080148] [1.0] [-0.8] [-0.8] [-0.6209886148770647] [1.0] 
      [0.7113165184407191] [1.0] [-0.5375996569699812] 
   Node[3][1] --OutputNode--
      [-0.3817406466645908] [-1.0] [0.5832030968672686] [-0.5690529090345207] [-0.925418780446253] [0.8312455761561115] 
      [0.9085943588721612] [0.843151767806986] [-0.7861979995008563] 
   Node[3][2] --OutputNode--
      [-0.6163216751039586] [0.9094114591944784] [0.30442886099375127] [-0.23209769995325796] [-0.5600331698343686] [-0.2994357366337211] 
      [-0.7755872002506492] [-0.3921081627057336] [-0.7630722017261311] 
}

