class ColorTrial, completed: 2020-09-10--22-52-15    Networks Trained for: 0s
   # of Networks : 10
     # of Cycles : 10
Network Structure: [3, 9, 9, 3]
Dead Networks: DISCARDED
Input Legend
[Red, Green, Blue]

Inputs
[1.0, 1.0, 1.0, 2.0, 2.0, 2.0, 3.0, 3.0, 3.0][1.0, 1.0, 1.0, 2.0, 2.0, 2.0, 3.0, 3.0, 3.0][1.0, 1.0, 1.0, 2.0, 2.0, 2.0, 3.0, 3.0, 3.0]

THE TOP 20% 
Network {
 Heredity [10, 0, 0, 0, 0, 0, 0, 0, 0, 0]
  Network Structure [9, 9, 9, 3]  Score: 3.0

 Nodes::
   Node[0][0] --InputNode--
      [BIAS:-0.5987177210856905]
   Node[0][1] --InputNode--
      [BIAS:0.07192897894174882]
   Node[0][2] --InputNode--
      [BIAS:-0.4139802850318042]
   Node[0][3] --InputNode--
      [BIAS:1.0]
   Node[0][4] --InputNode--
      [BIAS:0.5965850897421092]
   Node[0][5] --InputNode--
      [BIAS:-0.8]
   Node[0][6] --InputNode--
      [BIAS:-0.2854543428362589]
   Node[0][7] --InputNode--
      [BIAS:0.11238832148696043]
   Node[0][8] --InputNode--
      [BIAS:0.8419203014317296]
   Node[1][0] 
      [0.7052719494318087] [0.7774896882997311] [0.49833355415843417] [-1.0] [-0.727206896375636] [0.48212812492172613] 
      [0.7939129497119093] [-0.1668689855189508] [-0.6990652101697079] [BIAS:0.7618233671544659]
   Node[1][1] 
      [-0.08819984746423987] [0.514786050265085] [0.3907483881756844] [0.8550787690227712] [1.0] [1.0] 
      [0.6574212156285295] [-0.6000000000000001] [0.24978078558587347] [BIAS:0.1125384245226761]
   Node[1][2] 
      [-0.4000000000000001] [-0.5643676207563175] [-0.6322899819588748] [-0.4753580349100809] [-0.07704064983043996] [-0.25734991606919155] 
      [0.48759570311578054] [-0.7932450931309105] [0.32884850468241067] [BIAS:0.48284521625375754]
   Node[1][3] 
      [-0.5496358588640271] [0.20107556423843576] [-0.11172605907955696] [-0.8988626586663377] [0.30163758373301147] [-0.023889204636976857] 
      [-0.8312214014697401] [-1.0] [-1.0] [BIAS:0.6725523133058076]
   Node[1][4] 
      [0.6161994422975987] [0.5335850599702743] [-1.0] [0.46356854957066934] [0.5071318817473798] [-0.9585113662392029] 
      [0.6722247650595903] [0.07859609933407358] [0.8284463967093854] [BIAS:-1.0]
   Node[1][5] 
      [0.07573789270439718] [0.24479385411355026] [0.9271808345236521] [-1.0] [0.08683621353777315] [-0.4321000699426569] 
      [-0.4301661490460784] [-0.29265062152941174] [0.6000000000000001] [BIAS:-0.1956888628127053]
   Node[1][6] 
      [0.8082887809688988] [0.06139568715445276] [-0.42234863679079965] [0.16878074829861917] [-0.4000000000000001] [0.5289171101894179] 
      [0.4610395606262995] [1.0] [-0.6243235822663735] [BIAS:-0.4977967990791883]
   Node[1][7] 
      [0.8] [0.3415920279932448] [0.42500282033694586] [0.5133451512968822] [-0.42777993900341743] [0.3142210141406318] 
      [-0.4840638620576642] [0.1425693296581032] [0.6000000000000001] [BIAS:0.42090734998166085]
   Node[1][8] 
      [-0.787173786673137] [0.23028641110490666] [-0.5139513493412551] [-0.47204482827759486] [0.6286053490325108] [-0.6000000000000001] 
      [0.34173533103890547] [0.8552865240370049] [-0.5264008515925194] [BIAS:-0.742986085922209]
   Node[2][0] 
      [-0.5401931687475567] [-0.32184979392701524] [0.8841121661125202] [1.0] [0.38341315951744626] [1.0] 
      [0.5643453211868261] [0.7816207090665688] [-0.7259437148140795] [BIAS:0.25370544156659286]
   Node[2][1] 
      [-0.2415942029813587] [-0.4315728066620103] [-1.0] [-1.0] [-0.685127546742132] [-0.45049349698326935] 
      [0.2185812879486354] [0.8] [0.8145835254694753] [BIAS:0.17623906451405447]
   Node[2][2] 
      [-1.0] [0.43286623748834485] [0.40301560892495747] [0.2859622447507861] [0.2811877996675263] [-0.8853456496402135] 
      [0.6018277856896983] [0.6412252141694645] [-0.10973478072561715] [BIAS:-0.2344560932558874]
   Node[2][3] 
      [0.7698456429712979] [0.4276664250751143] [0.584670998881502] [-0.7265128847362949] [0.04196495177935905] [0.007060044059524484] 
      [0.5157070175121834] [0.6128852237533949] [0.8] [BIAS:-0.5040955172746466]
   Node[2][4] 
      [1.0] [-0.12875093253161918] [0.573958873264667] [0.0762540166751246] [-0.2516725949946729] [-0.8085164014165394] 
      [1.0] [-0.2556751411176366] [0.7018851924075249] [BIAS:-0.4918225468668634]
   Node[2][5] 
      [-0.9733486089459082] [0.8637319730953357] [1.0] [-0.501142689151967] [0.17138447823394976] [-0.3859565376979605] 
      [-0.8] [0.9762444716748644] [0.6900625225090076] [BIAS:-0.9883331259675807]
   Node[2][6] 
      [0.6000000000000001] [-0.38487047193343055] [-0.3949642984062128] [0.8289090000062445] [0.24179541374130442] [-0.8] 
      [0.35556259455619277] [0.04838036475936752] [0.6615630698563764] [BIAS:-0.5273955469627041]
   Node[2][7] 
      [0.8605592143470764] [-0.13625764881155045] [0.2888809958825494] [-0.8] [-0.004770911942780676] [-0.8] 
      [-0.670153914822921] [0.20105106238139608] [-0.8247119730597448] [BIAS:0.6183620071476792]
   Node[2][8] 
      [-0.8] [-0.11761904549319796] [-0.14929966174840703] [-0.4434490135994052] [-0.14163251110058306] [0.4565076344010466] 
      [0.5815456154646383] [-0.5697921838688067] [1.0] [BIAS:-0.4764974313226186]
   Node[3][0] --OutputNode--
      [0.20183904820377568] [0.8] [0.1651167143973769] [-0.15858097985298025] [-0.42716836986066903] [-0.5416237073041188] 
      [0.3149727268170383] [-0.03467307832992422] [-0.8] 
   Node[3][1] --OutputNode--
      [0.12706186520176332] [-0.3760803676788793] [-0.6072145904254329] [-0.028120761269517958] [0.45133698535249933] [-0.40433211861755897] 
      [-0.46516084828531895] [-0.010914658414470202] [0.8784333360904415] 
   Node[3][2] --OutputNode--
      [-0.7327594107035542] [0.7749386824288642] [-0.32970540214098837] [-0.8] [-0.3908976949044309] [-0.5365790234034351] 
      [-0.5795418439678709] [0.5548899164721015] [0.3996829381740505] 
}

Network {
 Heredity [10, 0, 0, 0, 0, 0, 0, 0, 0, 1]
  Network Structure [9, 9, 9, 3]  Score: 3.0

 Nodes::
   Node[0][0] --InputNode--
      [BIAS:-0.5987177210856905]
   Node[0][1] --InputNode--
      [BIAS:0.07192897894174882]
   Node[0][2] --InputNode--
      [BIAS:-0.4139802850318042]
   Node[0][3] --InputNode--
      [BIAS:1.0]
   Node[0][4] --InputNode--
      [BIAS:0.5965850897421092]
   Node[0][5] --InputNode--
      [BIAS:-0.8]
   Node[0][6] --InputNode--
      [BIAS:-0.2854543428362589]
   Node[0][7] --InputNode--
      [BIAS:-0.08761167851303958]
   Node[0][8] --InputNode--
      [BIAS:0.8419203014317296]
   Node[1][0] 
      [0.7052719494318087] [0.977489688299731] [0.6983335541584341] [-0.8193799468329175] [-0.727206896375636] [0.6821281249217261] 
      [0.7939129497119093] [0.23313101448104923] [-0.6990652101697079] [BIAS:0.7618233671544659]
   Node[1][1] 
      [-0.08819984746423987] [0.7147860502650849] [0.3907483881756844] [1.0] [0.8] [1.0] 
      [0.8574212156285295] [-0.8] [0.24978078558587347] [BIAS:-0.08746157547732392]
   Node[1][2] 
      [-0.6000000000000001] [-0.3643676207563175] [-0.8322899819588747] [-0.2753580349100809] [-0.27704064983043997] [-0.25734991606919155] 
      [0.6875957031157806] [-0.5932450931309106] [0.12884850468241066] [BIAS:0.48284521625375754]
   Node[1][3] 
      [-0.3496358588640271] [0.0010755642384357444] [-0.11172605907955696] [-0.6988626586663378] [0.30163758373301147] [0.17611079536302315] 
      [-0.8312214014697401] [-1.0] [-1.0] [BIAS:0.47255231330580755]
   Node[1][4] 
      [0.6161994422975987] [0.7335850599702742] [-0.8] [0.46356854957066934] [0.5071318817473798] [-0.9585113662392029] 
      [0.47222476505959027] [0.2785960993340736] [0.8284463967093854] [BIAS:-1.0]
   Node[1][5] 
      [0.07573789270439718] [0.24479385411355026] [1.0] [-0.8] [0.28683621353777317] [-0.6321000699426569] 
      [-0.4301661490460784] [-0.29265062152941174] [0.6000000000000001] [BIAS:-0.1956888628127053]
   Node[1][6] 
      [0.8082887809688988] [0.26139568715445277] [-0.42234863679079965] [-0.031219251701380846] [-0.4000000000000001] [0.5289171101894179] 
      [0.4610395606262995] [0.8772109114543074] [-0.4243235822663735] [BIAS:-0.4977967990791883]
   Node[1][7] 
      [1.0] [0.3415920279932448] [0.42500282033694586] [0.5133451512968822] [-0.42777993900341743] [0.3142210141406318] 
      [-0.6840638620576642] [0.3425693296581032] [0.4000000000000001] [BIAS:0.020907349981660828]
   Node[1][8] 
      [-0.787173786673137] [0.23028641110490666] [-0.5139513493412551] [-0.27204482827759485] [0.6286053490325108] [-1.0] 
      [0.5417353310389055] [0.8552865240370049] [-0.32640085159251936] [BIAS:-0.742986085922209]
   Node[2][0] 
      [-0.7401931687475567] [-0.12184979392701523] [0.8841121661125202] [1.0] [0.38341315951744626] [0.8] 
      [0.7643453211868261] [0.7816207090665688] [-0.7259437148140795] [BIAS:0.6537054415665928]
   Node[2][1] 
      [-0.2415942029813587] [-0.6315728066620103] [-0.8] [-1.0] [-0.885127546742132] [-0.6504934969832694] 
      [0.2185812879486354] [1.0] [1.0] [BIAS:-0.023760935485945545]
   Node[2][2] 
      [-1.0] [0.23286623748834484] [0.6030156089249574] [0.4859622447507861] [0.6811877996675263] [-0.6853456496402135] 
      [0.4018277856896983] [0.8412252141694645] [-0.10973478072561715] [BIAS:-0.2344560932558874]
   Node[2][3] 
      [0.5698456429712979] [0.6276664250751143] [0.7846709988815019] [-0.7265128847362949] [0.04196495177935905] [0.007060044059524484] 
      [0.3157070175121834] [0.6128852237533949] [0.8] [BIAS:-0.5040955172746466]
   Node[2][4] 
      [1.0] [0.07124906746838083] [0.373958873264667] [0.0762540166751246] [0.1483274050053271] [-0.6085164014165394] 
      [1.0] [-0.45567514111763663] [0.3018851924075249] [BIAS:-0.4918225468668634]
   Node[2][5] 
      [-0.5733486089459083] [1.0] [1.0] [-0.301142689151967] [-0.028615521766050256] [-0.3859565376979605] 
      [-0.8] [0.9762444716748644] [0.49006252250900756] [BIAS:-0.9883331259675807]
   Node[2][6] 
      [0.6000000000000001] [-0.38487047193343055] [-0.3949642984062128] [0.8289090000062445] [0.44179541374130443] [-0.8] 
      [0.15556259455619276] [-0.1516196352406325] [0.46156306985637635] [BIAS:-0.5273955469627041]
   Node[2][7] 
      [0.8605592143470764] [0.06374235118844956] [0.08888099588254939] [-0.8] [-0.004770911942780676] [-1.0] 
      [-0.47015391482292096] [0.20105106238139608] [-0.8247119730597448] [BIAS:0.8183620071476791]
   Node[2][8] 
      [-0.8] [-0.11761904549319796] [-0.34929966174840704] [-0.4434490135994052] [-0.34163251110058307] [0.25650763440104657] 
      [0.5815456154646383] [-0.7697921838688067] [0.9596753992602569] [BIAS:-0.4764974313226186]
   Node[3][0] --OutputNode--
      [0.20183904820377568] [0.8] [0.1651167143973769] [-0.15858097985298025] [-0.22716836986066902] [-0.7416237073041188] 
      [0.3149727268170383] [-0.23467307832992423] [-0.8] 
   Node[3][1] --OutputNode--
      [0.12706186520176332] [-0.3760803676788793] [-0.6072145904254329] [-0.22812076126951797] [0.45133698535249933] [-0.40433211861755897] 
      [-0.26516084828531894] [-0.010914658414470202] [0.8784333360904415] 
   Node[3][2] --OutputNode--
      [-0.9327594107035542] [0.7749386824288642] [-0.32970540214098837] [-0.6000000000000001] [-0.5908976949044309] [-0.7365790234034351] 
      [-0.5795418439678709] [0.3548899164721015] [0.3996829381740505] 
}

