class ColorTrial, completed: 2020-09-10--23-15-53    Networks Trained for: 0s
   # of Networks : 10
     # of Cycles : 10
Network Structure: [3, 9, 9, 3]
Dead Networks: DISCARDED
Input Legend
[Red, Green, Blue]

Inputs
[1.0, 1.0, 1.0, 1.0, 2.0, 2.0, 2.0, 2.0, 3.0, 3.0, 3.0, 3.0][1.0, 1.0, 1.0, 1.0, 2.0, 2.0, 2.0, 2.0, 3.0, 3.0, 3.0, 3.0][1.0, 1.0, 1.0, 1.0, 2.0, 2.0, 2.0, 2.0, 3.0, 3.0, 3.0, 3.0]

THE TOP 20% 
Network {
 Heredity [0, 0, 0, 0, 0, 0, 0, 0, 0, 0]
  Network Structure [12, 9, 9, 3]  Score: 3.0

 Nodes::
   Node[0][0] --InputNode--
      [BIAS:0.11993578351189971]
   Node[0][1] --InputNode--
      [BIAS:0.6518523464531105]
   Node[0][2] --InputNode--
      [BIAS:0.27289302754843014]
   Node[0][3] --InputNode--
      [BIAS:-0.4757546196888937]
   Node[0][4] --InputNode--
      [BIAS:0.249564853163055]
   Node[0][5] --InputNode--
      [BIAS:-0.4896255433506757]
   Node[0][6] --InputNode--
      [BIAS:-0.6160700732694924]
   Node[0][7] --InputNode--
      [BIAS:-0.8]
   Node[0][8] --InputNode--
      [BIAS:-0.09783181027542881]
   Node[0][9] --InputNode--
      [BIAS:-0.4801862370949698]
   Node[0][10] --InputNode--
      [BIAS:1.0]
   Node[0][11] --InputNode--
      [BIAS:-0.2782885374164869]
   Node[1][0] 
      [-0.4598058460166898] [0.5605259560072677] [0.6056025502951072] [-0.06481915890261525] [-0.03699439069053728] [-0.6730351109162062] 
      [0.2984716758731573] [0.5792162328766006] [0.10471439249444481] [-0.8] [0.337511767862035] 
      [-0.824788784210442] [BIAS:-0.2991897171681025]
   Node[1][1] 
      [0.8444489748191413] [0.7613511039097269] [1.0] [0.06671208138648016] [-0.2898663670518496] [0.2681308504572431] 
      [0.2506182836437828] [0.47082125278879045] [-0.492459709844459] [-0.07958463273850397] [0.5326697633350788] 
      [-0.8133879174039031] [BIAS:-0.6534993275394885]
   Node[1][2] 
      [-0.3427051782855141] [0.06084614038665659] [0.8727447655352345] [-0.9559179615847602] [0.20582977873462527] [0.09840877658114039] 
      [-0.6000000000000001] [0.962855728181562] [0.44219325030361106] [-0.7577767837086109] [0.9904198560616921] 
      [0.3833201831395511] [BIAS:-0.1264338974450801]
   Node[1][3] 
      [0.44953742725625684] [-0.41397431081874925] [-0.6619220414683806] [0.8950470094890111] [-0.12262425357437334] [-0.621128439675487] 
      [-1.0] [-0.37846068940573174] [0.03695175075147167] [-0.8] [0.7202500386378334] 
      [-0.9972174208534434] [BIAS:0.12683378772095677]
   Node[1][4] 
      [1.0] [0.8] [0.40039728943099767] [0.23242434291365183] [0.5940377343745016] [-0.47308980330047795] 
      [0.6390159232971606] [0.16564180195239686] [0.7606697238402145] [-0.8] [-0.8607234069899783] 
      [0.8675222700455474] [BIAS:-0.16464717667090023]
   Node[1][5] 
      [-0.9094562769804266] [-1.0] [-0.692213006542673] [-0.026845759374949096] [-0.8] [-0.5931635211481057] 
      [-0.7107515222374841] [1.0] [-0.6928739491160305] [-0.33454523890344395] [-0.09874262402131001] 
      [0.42551222202853506] [BIAS:0.41598577716752455]
   Node[1][6] 
      [0.5278837414313626] [-0.43478038441082306] [-0.08267867800728096] [-0.05446979862452905] [-0.6172240524155856] [0.47654202730501843] 
      [0.46494304887935534] [0.546210113107634] [-0.22409928521502365] [0.7711922181532063] [-0.16525522895429984] 
      [-0.12438893616746338] [BIAS:1.0]
   Node[1][7] 
      [0.1313868024931339] [0.2647935998280793] [0.25759144737554635] [-1.0] [-0.8] [-0.21607605727895723] 
      [0.5727787228942398] [0.35053681171847983] [-0.16538351086887826] [-0.087924486400974] [0.834196691098281] 
      [0.23914406506185326] [BIAS:0.18096672461133745]
   Node[1][8] 
      [-0.00950225536551047] [1.0] [0.17462531919801033] [0.231837882421484] [-0.39513015496650045] [-0.45214098249403784] 
      [0.44636342921270966] [-0.9261506354163829] [-0.658661062375965] [0.12315619958734919] [0.5858401335776589] 
      [-0.1641653705683766] [BIAS:1.0]
   Node[2][0] 
      [1.0] [-0.8] [1.0] [-0.2682487589019287] [0.8232229239483275] [-0.5770010459694408] 
      [-0.8] [0.8908106698535061] [-0.16628986841173132] [BIAS:-0.2989176637814622]
   Node[2][1] 
      [-0.9779881371129255] [-1.0] [-0.7463381129941713] [0.71495533872319] [-0.5511112219294196] [0.5567884061823807] 
      [-0.7898390434830038] [-0.049555428222102904] [-0.8] [BIAS:0.0828391401623772]
   Node[2][2] 
      [0.4102598817317596] [-0.9571343036965607] [1.0] [0.30296470190156083] [0.7800606936484971] [0.30050910973366096] 
      [-0.5404604501331014] [-0.6277060234662273] [-0.6344259373750398] [BIAS:-1.0]
   Node[2][3] 
      [-0.05978742861585323] [0.36178537107081304] [0.7350659535217721] [0.15670056863759885] [-0.7803878927721233] [-0.5392315917025889] 
      [-0.07231983884831089] [-1.0] [0.4105407183825815] [BIAS:-0.8]
   Node[2][4] 
      [0.6607024984847971] [0.6730845426486762] [0.5918982640539636] [0.8780323198261664] [-0.16209012091140917] [0.04945155644212518] 
      [0.37716709523654796] [0.6857140044474619] [0.5940270131734271] [BIAS:1.0]
   Node[2][5] 
      [0.62513863939309] [-0.369543818673768] [1.0] [1.0] [0.05895737622256747] [-0.2672221686693602] 
      [0.39449687128677874] [0.9577310712672549] [-0.9416116652234408] [BIAS:0.0994532534648166]
   Node[2][6] 
      [0.4561969767027522] [0.013420669094914905] [-0.34846048810567715] [-0.9603890454819637] [0.6358606497669399] [0.7130858812842771] 
      [-1.0] [-0.4572212009329823] [-0.10506489118558382] [BIAS:-0.9301801916965036]
   Node[2][7] 
      [0.6064927133448099] [0.5959875394604142] [-0.8] [0.31826942397939234] [-0.9478723754819369] [0.6000000000000001] 
      [-0.3634418186180662] [1.0] [-0.17664614220554747] [BIAS:0.48616753501864146]
   Node[2][8] 
      [-0.5312953652339767] [-0.6067111566237948] [-0.06456896933668671] [-0.3445661798116714] [-0.2337604300393885] [-0.5471630466124493] 
      [-0.2627464418890988] [-0.7606709135341694] [-1.0] [BIAS:-0.2843524520693609]
   Node[3][0] --OutputNode--
      [-0.2896531721498262] [0.3799133666842853] [-0.5548916805274688] [0.8812023087908274] [-0.015005198032082667] [0.7289507418144199] 
      [-0.8] [0.18982669707608668] [1.0] 
   Node[3][1] --OutputNode--
      [-0.3003389363393936] [-0.6000000000000001] [0.03238638834790075] [0.6164566561301297] [0.40827380540734376] [-0.06201787338830017] 
      [0.17499739947073567] [1.0] [0.6126638796103696] 
   Node[3][2] --OutputNode--
      [-0.5543563650382164] [0.03443693306171841] [0.8287446084192718] [0.7321699641618877] [0.19231418532222333] [1.0] 
      [-0.42664453873420366] [0.12171912626718268] [-0.4103306557499237] 
}

Network {
 Heredity [0, 0, 0, 0, 0, 0, 0, 0, 0, 1]
  Network Structure [12, 9, 9, 3]  Score: 3.0

 Nodes::
   Node[0][0] --InputNode--
      [BIAS:0.11993578351189971]
   Node[0][1] --InputNode--
      [BIAS:0.4518523464531105]
   Node[0][2] --InputNode--
      [BIAS:0.27289302754843014]
   Node[0][3] --InputNode--
      [BIAS:-0.4757546196888937]
   Node[0][4] --InputNode--
      [BIAS:0.249564853163055]
   Node[0][5] --InputNode--
      [BIAS:-0.4896255433506757]
   Node[0][6] --InputNode--
      [BIAS:-0.6160700732694924]
   Node[0][7] --InputNode--
      [BIAS:-0.8]
   Node[0][8] --InputNode--
      [BIAS:-0.09783181027542881]
   Node[0][9] --InputNode--
      [BIAS:-0.2801862370949698]
   Node[0][10] --InputNode--
      [BIAS:1.0]
   Node[0][11] --InputNode--
      [BIAS:-0.6782885374164869]
   Node[1][0] 
      [-0.6598058460166898] [0.3605259560072677] [0.4056025502951072] [-0.06481915890261525] [0.16300560930946273] [-0.6730351109162062] 
      [0.0984716758731573] [0.5792162328766006] [0.10471439249444481] [-1.0] [0.337511767862035] 
      [-0.824788784210442] [BIAS:-0.4991897171681025]
   Node[1][1] 
      [0.6444489748191413] [0.36135110390972697] [0.8] [0.06671208138648016] [-0.4898663670518496] [0.4681308504572431] 
      [0.2506182836437828] [0.27082125278879043] [-0.692459709844459] [-0.07958463273850397] [0.5326697633350788] 
      [-0.8133879174039031] [BIAS:-0.8534993275394884]
   Node[1][2] 
      [-0.3427051782855141] [0.06084614038665659] [0.6727447655352345] [-0.7559179615847602] [0.4058297787346253] [0.09840877658114039] 
      [-0.6000000000000001] [0.962855728181562] [0.44219325030361106] [-0.557776783708611] [0.7904198560616922] 
      [0.18332018313955106] [BIAS:0.07356610255491991]
   Node[1][3] 
      [0.44953742725625684] [-0.41397431081874925] [-0.4619220414683806] [0.695047009489011] [0.07737574642562667] [-0.621128439675487] 
      [-0.84705478269009] [-0.37846068940573174] [0.03695175075147167] [-0.6000000000000001] [0.7202500386378334] 
      [-0.7972174208534435] [BIAS:0.3268337877209568]
   Node[1][4] 
      [1.0] [0.6000000000000001] [0.40039728943099767] [0.23242434291365183] [0.7940377343745015] [-0.47308980330047795] 
      [0.4390159232971606] [0.36564180195239687] [0.7606697238402145] [-1.0] [-0.8607234069899783] 
      [0.8675222700455474] [BIAS:0.03535282332909978]
   Node[1][5] 
      [-0.9094562769804266] [-1.0] [-0.4922130065426731] [0.17315424062505091] [-1.0] [-0.7931635211481056] 
      [-0.5107515222374841] [0.8] [-0.6928739491160305] [-0.33454523890344395] [-0.29874262402131] 
      [0.42551222202853506] [BIAS:0.6159857771675246]
   Node[1][6] 
      [0.5278837414313626] [-0.6347803844108231] [-0.08267867800728096] [-0.05446979862452905] [-0.6172240524155856] [0.47654202730501843] 
      [0.46494304887935534] [0.346210113107634] [-0.22409928521502365] [0.5711922181532063] [-0.16525522895429984] 
      [-0.12438893616746338] [BIAS:0.897960595501897]
   Node[1][7] 
      [0.1313868024931339] [0.2647935998280793] [0.057591447375546334] [-1.0] [-1.0] [-0.21607605727895723] 
      [0.5727787228942398] [0.15053681171847982] [-0.16538351086887826] [0.11207551359902601] [0.634196691098281] 
      [0.03914406506185325] [BIAS:0.18096672461133745]
   Node[1][8] 
      [-0.00950225536551047] [0.8] [0.17462531919801033] [0.231837882421484] [-0.5951301549665005] [-0.6521409824940378] 
      [0.44636342921270966] [-0.7261506354163829] [-0.658661062375965] [0.3231561995873492] [0.5858401335776589] 
      [-0.1641653705683766] [BIAS:1.0]
   Node[2][0] 
      [1.0] [-0.6000000000000001] [1.0] [-0.2682487589019287] [0.8232229239483275] [-0.5770010459694408] 
      [-0.8] [0.8908106698535061] [-0.16628986841173132] [BIAS:-0.09891766378146216]
   Node[2][1] 
      [-0.9779881371129255] [-1.0] [-0.9463381129941713] [0.51495533872319] [-0.5511112219294196] [0.7567884061823806] 
      [-0.7898390434830038] [-0.049555428222102904] [-0.8] [BIAS:0.0828391401623772]
   Node[2][2] 
      [0.4102598817317596] [-0.9571343036965607] [1.0] [0.30296470190156083] [0.3800606936484971] [0.10050910973366095] 
      [-0.5404604501331014] [-0.6277060234662273] [-0.6344259373750398] [BIAS:-1.0]
   Node[2][3] 
      [-0.25978742861585324] [0.36178537107081304] [0.7350659535217721] [0.15670056863759885] [-0.7803878927721233] [-0.5392315917025889] 
      [-0.2723198388483109] [-1.0] [0.21054071838258148] [BIAS:-0.6000000000000001]
   Node[2][4] 
      [0.6607024984847971] [0.6730845426486762] [0.5918982640539636] [1.0] [-0.16209012091140917] [0.04945155644212518] 
      [0.577167095236548] [0.4857140044474619] [0.5940270131734271] [BIAS:1.0]
   Node[2][5] 
      [0.62513863939309] [-0.369543818673768] [1.0] [0.8] [0.05895737622256747] [0.1327778313306398] 
      [0.19449687128677873] [1.0] [-0.9416116652234408] [BIAS:-0.30054674653518343]
   Node[2][6] 
      [0.4561969767027522] [-0.1865793309050851] [-0.5484604881056772] [-0.9603890454819637] [0.8358606497669399] [0.5130858812842771] 
      [-1.0] [-0.057221200932982275] [-0.10506489118558382] [BIAS:-0.9301801916965036]
   Node[2][7] 
      [0.6064927133448099] [0.39598753946041415] [-0.8] [0.31826942397939234] [-0.747872375481937] [0.6000000000000001] 
      [-0.16344181861806617] [0.850804573712534] [0.22335385779445255] [BIAS:0.48616753501864146]
   Node[2][8] 
      [-0.7312953652339766] [-0.6067111566237948] [-0.2645689693366867] [-0.7445661798116714] [-0.0337604300393885] [-0.3471630466124493] 
      [-0.2627464418890988] [-0.7606709135341694] [-1.0] [BIAS:-0.08435245206936087]
   Node[3][0] --OutputNode--
      [-0.48965317214982623] [0.5799133666842853] [-0.5548916805274688] [0.8812023087908274] [-0.015005198032082667] [0.5289507418144199] 
      [-1.0] [0.3898266970760867] [1.0] 
   Node[3][1] --OutputNode--
      [-0.5003389363393936] [-0.8] [0.23238638834790076] [0.6164566561301297] [0.20827380540734375] [-0.4620178733883002] 
      [-0.02500260052926434] [1.0] [0.8126638796103696] 
   Node[3][2] --OutputNode--
      [-0.3543563650382163] [0.03443693306171841] [0.8287446084192718] [0.9321699641618877] [0.19231418532222333] [0.8] 
      [-0.42664453873420366] [0.12171912626718268] [-0.4103306557499237] 
}

